1.175176739692687988e+00 0.000000000000000000e+00
1.172704815864562988e+00 5.235987755982988157e-01
1.163504004478454590e+00 1.047197551196597631e+00
1.155086278915405273e+00 1.570796326794896558e+00
4.751156270503997803e-01 2.094395102393195263e+00
4.729673862457275391e-01 2.617993877991494411e+00
9.697812199592590332e-01 3.141592653589793116e+00
1.458872437477111816e+00 3.665191429188091821e+00
1.949340581893920898e+00 4.188790204786390525e+00
2.493426084518432617e+00 4.712388980384689674e+00
2.964694976806640625e+00 5.235987755982988823e+00
3.311404228210449219e+00 5.759586531581287083e+00
3.725606203079223633e+00 0.000000000000000000e+00
4.083027362823486328e+00 5.235987755982988157e-01
4.955247402191162109e+00 1.047197551196597631e+00
4.767328739166259766e+00 1.570796326794896558e+00
5.222200751304626465e-01 2.094395102393195263e+00
4.497432410717010498e-01 2.617993877991494411e+00
9.654059410095214844e-01 3.141592653589793116e+00
1.476521968841552734e+00 3.665191429188091821e+00
1.916987895965576172e+00 4.188790204786390525e+00
2.473579883575439453e+00 4.712388980384689674e+00
3.001884222030639648e+00 5.235987755982988823e+00
3.314232587814331055e+00 5.759586531581287083e+00
3.697978734970092773e+00 0.000000000000000000e+00
4.071655273437500000e+00 5.235987755982988157e-01
4.923346519470214844e+00 1.047197551196597631e+00
4.522711277008056641e+00 1.570796326794896558e+00
5.170098543167114258e-01 2.094395102393195263e+00
4.560376405715942383e-01 2.617993877991494411e+00
9.537904858589172363e-01 3.141592653589793116e+00
1.448714613914489746e+00 3.665191429188091821e+00
1.922912240028381348e+00 4.188790204786390525e+00
2.483865976333618164e+00 4.712388980384689674e+00
2.977085351943969727e+00 5.235987755982988823e+00
3.249792575836181641e+00 5.759586531581287083e+00
3.704979419708251953e+00 0.000000000000000000e+00
4.151497364044189453e+00 5.235987755982988157e-01
4.950205326080322266e+00 1.047197551196597631e+00
4.725806713104248047e+00 1.570796326794896558e+00
4.022687673568725586e-01 2.094395102393195263e+00
5.498509407043457031e-01 2.617993877991494411e+00
1.050442099571228027e+00 3.141592653589793116e+00
1.479877352714538574e+00 3.665191429188091821e+00
1.944618105888366699e+00 4.188790204786390525e+00
2.510400533676147461e+00 4.712388980384689674e+00
2.894554853439331055e+00 5.235987755982988823e+00
3.171525955200195312e+00 5.759586531581287083e+00
3.664433717727661133e+00 0.000000000000000000e+00
4.140540599822998047e+00 5.235987755982988157e-01
4.812912464141845703e+00 1.047197551196597631e+00
4.751051902770996094e+00 1.570796326794896558e+00
5.256024003028869629e-01 2.094395102393195263e+00
5.935591459274291992e-01 2.617993877991494411e+00
1.107012391090393066e+00 3.141592653589793116e+00
1.468246698379516602e+00 3.665191429188091821e+00
1.942832946777343750e+00 4.188790204786390525e+00
2.505562305450439453e+00 4.712388980384689674e+00
2.768597126007080078e+00 5.235987755982988823e+00
2.946338891983032227e+00 5.759586531581287083e+00
3.627473592758178711e+00 0.000000000000000000e+00
4.117228507995605469e+00 5.235987755982988157e-01
4.664451599121093750e+00 1.047197551196597631e+00
3.825809955596923828e+00 1.570796326794896558e+00
8.016843795776367188e-01 2.094395102393195263e+00
6.996845006942749023e-01 2.617993877991494411e+00
1.101703286170959473e+00 3.141592653589793116e+00
1.444640636444091797e+00 3.665191429188091821e+00
1.882375359535217285e+00 4.188790204786390525e+00
2.449005126953125000e+00 4.712388980384689674e+00
2.621944665908813477e+00 5.235987755982988823e+00
2.711323976516723633e+00 5.759586531581287083e+00
3.509386301040649414e+00 0.000000000000000000e+00
4.018313884735107422e+00 5.235987755982988157e-01
4.543041706085205078e+00 1.047197551196597631e+00
3.899054527282714844e+00 1.570796326794896558e+00
1.022962093353271484e+00 2.094395102393195263e+00
7.471268177032470703e-01 2.617993877991494411e+00
1.140626668930053711e+00 3.141592653589793116e+00
1.466415405273437500e+00 3.665191429188091821e+00
1.908124446868896484e+00 4.188790204786390525e+00
2.437231063842773438e+00 4.712388980384689674e+00
2.394714117050170898e+00 5.235987755982988823e+00
2.599787712097167969e+00 5.759586531581287083e+00
3.543744802474975586e+00 0.000000000000000000e+00
4.000478744506835938e+00 5.235987755982988157e-01
4.402279376983642578e+00 1.047197551196597631e+00
2.933796644210815430e+00 1.570796326794896558e+00
1.200961470603942871e+00 2.094395102393195263e+00
7.984769344329833984e-01 2.617993877991494411e+00
1.112021803855895996e+00 3.141592653589793116e+00
1.467791438102722168e+00 3.665191429188091821e+00
1.910920858383178711e+00 4.188790204786390525e+00
2.353049516677856445e+00 4.712388980384689674e+00
2.267399072647094727e+00 5.235987755982988823e+00
2.475999116897583008e+00 5.759586531581287083e+00
3.432919263839721680e+00 0.000000000000000000e+00
3.994419097900390625e+00 5.235987755982988157e-01
4.314474582672119141e+00 1.047197551196597631e+00
2.796341180801391602e+00 1.570796326794896558e+00
1.182731389999389648e+00 2.094395102393195263e+00
8.113926053047180176e-01 2.617993877991494411e+00
1.147424101829528809e+00 3.141592653589793116e+00
1.430317282676696777e+00 3.665191429188091821e+00
1.866566896438598633e+00 4.188790204786390525e+00
2.221408367156982422e+00 4.712388980384689674e+00
2.105477809906005859e+00 5.235987755982988823e+00
2.324401617050170898e+00 5.759586531581287083e+00
3.252203702926635742e+00 0.000000000000000000e+00
3.964447975158691406e+00 5.235987755982988157e-01
4.207203388214111328e+00 1.047197551196597631e+00
2.135990142822265625e+00 1.570796326794896558e+00
1.453983783721923828e+00 2.094395102393195263e+00
8.168699741363525391e-01 2.617993877991494411e+00
1.177790880203247070e+00 3.141592653589793116e+00
1.444946885108947754e+00 3.665191429188091821e+00
1.808728575706481934e+00 4.188790204786390525e+00
2.070657730102539062e+00 4.712388980384689674e+00
1.969693541526794434e+00 5.235987755982988823e+00
2.264723539352416992e+00 5.759586531581287083e+00
