2.370547205209732056e-01 0.000000000000000000e+00
2.118250131607055664e-01 5.235987755982988157e-01
2.346129566431045532e-01 1.047197551196597631e+00
2.447758615016937256e-01 1.570796326794896558e+00
2.193732500076293945e+00 2.094395102393195263e+00
6.018742918968200684e-01 2.617993877991494411e+00
1.100675940513610840e+00 3.141592653589793116e+00
1.644238352775573730e+00 3.665191429188091821e+00
1.993528485298156738e+00 4.188790204786390525e+00
2.475472927093505859e+00 4.712388980384689674e+00
3.163336992263793945e+00 5.235987755982988823e+00
3.241437435150146484e+00 5.759586531581287083e+00
3.796526432037353516e+00 0.000000000000000000e+00
3.910023450851440430e+00 5.235987755982988157e-01
4.156313419342041016e+00 1.047197551196597631e+00
5.610110759735107422e+00 1.570796326794896558e+00
8.827911019325256348e-01 2.094395102393195263e+00
6.729995608329772949e-01 2.617993877991494411e+00
1.176784992218017578e+00 3.141592653589793116e+00
1.728599190711975098e+00 3.665191429188091821e+00
1.963606357574462891e+00 4.188790204786390525e+00
2.614513397216796875e+00 4.712388980384689674e+00
3.143820285797119141e+00 5.235987755982988823e+00
3.137560129165649414e+00 5.759586531581287083e+00
3.699544668197631836e+00 0.000000000000000000e+00
3.782280921936035156e+00 5.235987755982988157e-01
4.282697200775146484e+00 1.047197551196597631e+00
5.646558761596679688e+00 1.570796326794896558e+00
3.073048293590545654e-01 2.094395102393195263e+00
6.720588207244873047e-01 2.617993877991494411e+00
1.218227863311767578e+00 3.141592653589793116e+00
1.852132558822631836e+00 3.665191429188091821e+00
1.947041630744934082e+00 4.188790204786390525e+00
2.664728641510009766e+00 4.712388980384689674e+00
3.146114587783813477e+00 5.235987755982988823e+00
3.052428007125854492e+00 5.759586531581287083e+00
3.477653264999389648e+00 0.000000000000000000e+00
3.755414962768554688e+00 5.235987755982988157e-01
4.593423843383789062e+00 1.047197551196597631e+00
5.752100944519042969e+00 1.570796326794896558e+00
2.258842438459396362e-01 2.094395102393195263e+00
6.905737519264221191e-01 2.617993877991494411e+00
1.143254995346069336e+00 3.141592653589793116e+00
1.774218797683715820e+00 3.665191429188091821e+00
1.993428468704223633e+00 4.188790204786390525e+00
2.672260284423828125e+00 4.712388980384689674e+00
3.139742374420166016e+00 5.235987755982988823e+00
2.783991813659667969e+00 5.759586531581287083e+00
3.256371974945068359e+00 0.000000000000000000e+00
3.854735136032104492e+00 5.235987755982988157e-01
4.260707378387451172e+00 1.047197551196597631e+00
5.746848106384277344e+00 1.570796326794896558e+00
2.438121587038040161e-01 2.094395102393195263e+00
6.999531984329223633e-01 2.617993877991494411e+00
1.209505200386047363e+00 3.141592653589793116e+00
1.776352286338806152e+00 3.665191429188091821e+00
1.928412914276123047e+00 4.188790204786390525e+00
2.624013423919677734e+00 4.712388980384689674e+00
3.058096647262573242e+00 5.235987755982988823e+00
2.700480461120605469e+00 5.759586531581287083e+00
3.236126661300659180e+00 0.000000000000000000e+00
3.830630302429199219e+00 5.235987755982988157e-01
4.312138080596923828e+00 1.047197551196597631e+00
5.776024341583251953e+00 1.570796326794896558e+00
3.225292861461639404e-01 2.094395102393195263e+00
6.683641076087951660e-01 2.617993877991494411e+00
1.153349876403808594e+00 3.141592653589793116e+00
1.845053672790527344e+00 3.665191429188091821e+00
1.917799830436706543e+00 4.188790204786390525e+00
2.684621334075927734e+00 4.712388980384689674e+00
2.867031812667846680e+00 5.235987755982988823e+00
1.995640397071838379e+00 5.759586531581287083e+00
3.057116270065307617e+00 0.000000000000000000e+00
3.783361911773681641e+00 5.235987755982988157e-01
4.401785850524902344e+00 1.047197551196597631e+00
5.809349060058593750e+00 1.570796326794896558e+00
4.446143209934234619e-01 2.094395102393195263e+00
7.198768258094787598e-01 2.617993877991494411e+00
1.150163888931274414e+00 3.141592653589793116e+00
1.815159440040588379e+00 3.665191429188091821e+00
1.901538014411926270e+00 4.188790204786390525e+00
2.675745010375976562e+00 4.712388980384689674e+00
2.770568132400512695e+00 5.235987755982988823e+00
2.249419450759887695e+00 5.759586531581287083e+00
2.822271108627319336e+00 0.000000000000000000e+00
3.734635591506958008e+00 5.235987755982988157e-01
4.398487567901611328e+00 1.047197551196597631e+00
5.832819938659667969e+00 1.570796326794896558e+00
4.895735681056976318e-01 2.094395102393195263e+00
7.976522445678710938e-01 2.617993877991494411e+00
1.122566103935241699e+00 3.141592653589793116e+00
1.882554173469543457e+00 3.665191429188091821e+00
1.903247952461242676e+00 4.188790204786390525e+00
2.554283618927001953e+00 4.712388980384689674e+00
2.752804040908813477e+00 5.235987755982988823e+00
1.217308163642883301e+00 5.759586531581287083e+00
2.650393724441528320e+00 0.000000000000000000e+00
3.716707944869995117e+00 5.235987755982988157e-01
4.445242404937744141e+00 1.047197551196597631e+00
5.842100620269775391e+00 1.570796326794896558e+00
6.341094374656677246e-01 2.094395102393195263e+00
8.831143975257873535e-01 2.617993877991494411e+00
1.067138314247131348e+00 3.141592653589793116e+00
1.927990317344665527e+00 3.665191429188091821e+00
1.897164821624755859e+00 4.188790204786390525e+00
2.437895536422729492e+00 4.712388980384689674e+00
2.245467662811279297e+00 5.235987755982988823e+00
1.003532409667968750e+00 5.759586531581287083e+00
2.143031120300292969e+00 0.000000000000000000e+00
3.786109685897827148e+00 5.235987755982988157e-01
4.602003574371337891e+00 1.047197551196597631e+00
5.791157245635986328e+00 1.570796326794896558e+00
7.245429158210754395e-01 2.094395102393195263e+00
8.206455707550048828e-01 2.617993877991494411e+00
1.179755449295043945e+00 3.141592653589793116e+00
1.838226199150085449e+00 3.665191429188091821e+00
1.881805896759033203e+00 4.188790204786390525e+00
2.349039316177368164e+00 4.712388980384689674e+00
1.915287017822265625e+00 5.235987755982988823e+00
9.377660751342773438e-01 5.759586531581287083e+00
