1.911554783582687378e-01 3.507013022899627686e-01 1.017919475652290066e-03 1.700808344290622755e-03
2.027982324361801147e-01 3.564059436321258545e-01 -1.274345791786718300e-03 1.364539957403048016e-03
2.007954716682434082e-01 3.462200462818145752e-01 -2.483887157184260126e-03 4.910208527494673049e-03
1.851017624139785767e-01 3.562423586845397949e-01 6.274929371102334896e-04 -2.546765247209957679e-03
4.699012637138366699e-01 5.983492136001586914e-01 -1.528468399905067235e-04 6.651558414067747227e-04
1.799972206354141235e-01 5.333361625671386719e-01 4.067148637072197544e-03 -5.025301030946883324e-04
-5.058986544609069824e-01 4.535445570945739746e-01 -4.596066222089111204e-03 -8.641621797878086889e-04
2.829208076000213623e-01 7.738970220088958740e-02 3.731933230227179980e-03 -2.237406232541471265e-04
2.521485984325408936e-01 4.436543583869934082e-01 -2.910619038698244402e-03 -4.795790753642390977e-03
8.107607364654541016e-01 3.423793613910675049e-01 -9.691976055257707848e-04 1.974228091313791345e-05
-3.943672478199005127e-01 -1.869562417268753052e-01 3.289609423665623179e-03 -1.461143284429002737e-03
8.293643593788146973e-01 3.424860835075378418e-01 1.416174735275628656e-03 4.314723544229316470e-03
-2.462222725152969360e-01 -3.336124420166015625e-01 4.574552701938281764e-03 -8.212967478681606343e-05
1.087493747472763062e-01 3.128750324249267578e-01 -9.028708827307045659e-04 4.448500313374826286e-03
7.812151908874511719e-01 1.978209912776947021e-01 -2.443005000458191474e-03 -6.860742116283971570e-04
4.820897579193115234e-01 8.101357817649841309e-01 -7.866329441131589620e-04 -1.813148671867269822e-03
8.377724885940551758e-01 3.744107186794281006e-01 4.908260424261636466e-03 -4.586247606418327773e-03
2.071525901556015015e-02 7.866469621658325195e-01 1.310240805544695027e-03 3.308729810757293603e-03
-6.072458252310752869e-02 1.333477944135665894e-01 2.190129546633392925e-03 -4.574347155734816844e-03
1.132279410958290100e-01 1.195997297763824463e-01 -2.594239269172779905e-03 -3.529635874556140765e-03
8.828146457672119141e-01 -4.149268865585327148e-01 1.874514832873656195e-03 -4.443347472235749038e-03
5.820052623748779297e-01 7.974549531936645508e-01 -8.141551029742519555e-04 -3.961341113800475287e-03
5.705273151397705078e-01 -2.143492251634597778e-01 -2.996056436732618365e-03 3.322149475834443831e-03
-1.204311400651931763e-01 -1.692831069231033325e-01 2.835387846610064148e-03 8.044928289762743115e-04
5.200790762901306152e-01 -2.702236771583557129e-01 2.504834168863743354e-03 -2.774592339730767160e-03
4.447194933891296387e-02 -2.087754756212234497e-01 -2.225851126922003768e-03 1.133385891477472346e-03
-1.728875488042831421e-01 7.297641634941101074e-01 -4.074477790796783051e-03 3.654039422797131058e-03
5.831596851348876953e-01 4.425696432590484619e-01 1.592036614517993581e-03 1.893642206978751047e-03
6.692114472389221191e-01 3.104634210467338562e-02 -4.320398727496287637e-03 4.234051890206645338e-04
4.414821788668632507e-02 4.421302080154418945e-01 -1.971071601154230583e-03 -3.327139260223431136e-04
-6.035555601119995117e-01 2.880601286888122559e-01 1.585924214115973924e-04 -1.676763767334451573e-03
5.214484333992004395e-01 6.672152280807495117e-01 -3.973239774991864023e-04 -1.128848268779119191e-03
-3.552733957767486572e-01 2.298638224601745605e-01 3.676241643142162153e-03 -3.762887298592161329e-03
-3.575199469923973083e-02 2.707981765270233154e-01 -2.734811129300030071e-03 -1.898863635840008016e-03
2.194080650806427002e-01 1.389230191707611084e-01 2.092046481550420382e-03 4.153898174560302463e-03
2.042022347450256348e-01 2.022460103034973145e-01 -3.721968474811891171e-03 1.693432438068156326e-03
8.269762992858886719e-01 -1.695313863456249237e-02 -4.975491333928281149e-03 -1.111741078043551947e-04
-1.443469822406768799e-01 -2.261034585535526276e-02 -5.571215264436758102e-04 2.101240234387744335e-03
5.658836364746093750e-01 8.863245844841003418e-01 2.522244292447285881e-03 1.499612303904338320e-04
-2.374067157506942749e-01 6.141458749771118164e-01 2.009192485524819057e-03 -1.915786047333588489e-03
-5.007188320159912109e-01 -1.571012139320373535e-01 -4.417648472089539050e-04 -2.843300267370415732e-03
2.682279944419860840e-01 6.127675771713256836e-01 -3.498059430007804081e-03 3.490500675425315183e-04
5.383796691894531250e-01 4.012221992015838623e-01 -4.486410024201007221e-03 -3.194913717083290930e-03
5.132157802581787109e-01 1.271824985742568970e-01 3.275581757803360493e-03 -1.578977508125130151e-03
8.974713087081909180e-02 -6.426087021827697754e-02 -1.386141550890902362e-03 -2.013667259436192816e-03
-2.007884383201599121e-01 2.624434530735015869e-01 2.583803842717839055e-03 2.395062327870532692e-03
-4.474172592163085938e-01 -2.539478838443756104e-01 3.959528320594111507e-03 9.717977807438904839e-04
7.581639289855957031e-01 1.535307914018630981e-01 4.431025289503944149e-03 -2.888504584222496407e-03
-1.880561560392379761e-02 3.187580406665802002e-02 -4.961283061102952051e-03 1.423535667858623517e-03
6.144551038742065430e-01 6.944941282272338867e-01 -4.145643440850410935e-03 3.952667481824187305e-03
7.430143952369689941e-01 5.104696750640869141e-01 1.336931738600138919e-03 4.679213783637565204e-03
8.636802434921264648e-01 7.065970450639724731e-02 -2.066599984851746723e-03 2.450398642899601943e-03
-5.337281823158264160e-01 2.745741009712219238e-01 -5.449369455367628068e-04 2.661325555650276634e-03
-7.794714570045471191e-01 6.003327295184135437e-02 3.655963784827389630e-03 -3.486115156267585377e-03
4.871831834316253662e-01 8.497079610824584961e-01 1.778244484981554054e-03 8.483159719557516534e-04
7.956036180257797241e-02 6.783621311187744141e-01 -2.270893825542893551e-03 3.603470549760152443e-03
3.010869324207305908e-01 7.029600739479064941e-01 -3.960469209689416320e-03 -3.734547762090123599e-03
8.240413665771484375e-01 -4.001346603035926819e-02 3.048391722534848046e-03 -3.582303732447539475e-03
4.757951498031616211e-01 4.679469466209411621e-01 5.431262145954305134e-04 -3.216207587350920077e-03
-1.451274752616882324e-01 7.283177375793457031e-01 4.986342720146959805e-03 -3.331709390592425563e-03
-3.521289825439453125e-01 -2.491549104452133179e-01 2.108643247650035350e-03 3.210457684565592475e-03
7.454962134361267090e-01 -4.181676730513572693e-02 1.322902950240784428e-03 3.994692281370855642e-03
2.320225685834884644e-01 -4.660066962242126465e-02 -4.932513740637240254e-03 -3.965154223883369557e-03
8.972428441047668457e-01 -9.584202617406845093e-02 3.236461601779980386e-03 -4.912466398665457298e-03
6.596260666847229004e-01 8.011244535446166992e-01 3.699415969603134062e-03 -8.002574365478191259e-04
5.270547270774841309e-01 8.884093761444091797e-01 -2.640970205037317282e-03 -1.474772650266951025e-03
-4.701173603534698486e-01 -4.872600436210632324e-01 -1.352254094984539547e-03 -3.708179406570143687e-03
7.058525085449218750e-01 -2.919611334800720215e-01 -4.394053404913885602e-03 3.508928404831486610e-03
8.137091398239135742e-01 2.797573804855346680e-01 -7.683309429280214820e-04 -4.750830733328794547e-03
-9.617718309164047241e-02 1.715034432709217072e-02 4.890917593165451487e-03 -1.984511820997960588e-03
-1.888951868750154972e-03 -1.813220679759979248e-01 6.760188800345309432e-04 -3.411989854401252693e-03
-7.086985707283020020e-01 1.339420825242996216e-01 5.940060285847823321e-04 1.206806569708954863e-03
-7.573872804641723633e-03 -2.730168700218200684e-01 -2.100912782401322901e-03 2.718987374612062691e-04
8.618858456611633301e-01 1.983390450477600098e-01 3.368254754341329198e-03 -9.683576973718941577e-04
2.441494911909103394e-01 -5.885008722543716431e-02 1.392596306808088769e-04 1.120637118476847105e-03
3.640804290771484375e-01 5.085586309432983398e-01 -4.417863364906294589e-03 -4.498907232736346594e-03
-4.872009530663490295e-02 3.020896315574645996e-01 3.051219558407696798e-03 -2.540753322866251725e-03
7.322897315025329590e-01 2.757225632667541504e-01 -8.028773412913506671e-04 -3.245609085711833458e-04
2.481674104928970337e-01 5.028370618820190430e-01 -1.318998921232176092e-03 2.277372532987095161e-03
-4.360297620296478271e-01 -4.368321299552917480e-01 -9.804974475698816430e-04 -8.593511893446106886e-04
7.220352292060852051e-01 1.039904654026031494e-01 -4.199000269034999615e-03 -2.450092967417206308e-04
1.061404794454574585e-01 2.853445112705230713e-01 -3.308334473221061743e-03 2.374005207968137715e-03
2.102049440145492554e-01 6.340979933738708496e-01 -2.459417213557397661e-03 2.529741223289313536e-03
8.590544760227203369e-02 2.241637557744979858e-01 1.377244103579932516e-03 3.577169163060470343e-03
-3.594495654106140137e-01 7.159613817930221558e-02 -2.117954785567236278e-04 7.690801089675729230e-04
-2.119155973196029663e-01 7.477210760116577148e-01 -3.290142372391260429e-03 -4.949239230400389114e-04
1.404597796499729156e-02 7.049284577369689941e-01 4.375349483709400390e-03 -1.325334989508685120e-03
5.675594806671142578e-01 8.302176594734191895e-01 -1.912211787479537340e-03 -3.591135091429043663e-04
2.212818861007690430e-01 4.411358833312988281e-01 4.111811943638345353e-03 3.606244014561706644e-03
-1.979097127914428711e-01 8.694338798522949219e-02 -1.377786664477506206e-03 4.392472787131681579e-03
8.628346323966979980e-01 2.503383755683898926e-01 5.877408781892849710e-04 6.074300509987130142e-04
-1.792982220649719238e-02 2.293632328510284424e-01 -2.005317090492293730e-04 2.021102538709278890e-03
7.121799588203430176e-01 8.709455132484436035e-01 2.935708914893518130e-03 -4.918719306202292904e-03
-5.446457117795944214e-02 7.568647265434265137e-01 -8.876278655925830610e-04 1.852549653291088103e-03
3.261902928352355957e-01 4.508301615715026855e-01 -4.813121179098676060e-03 2.658062513331121632e-03
3.161495625972747803e-01 6.397362351417541504e-01 -9.505092275776975616e-04 -4.022198726876901817e-03
6.527467966079711914e-01 -2.731182575225830078e-01 2.618499294378073827e-03 1.669411310776941493e-03
2.255354523658752441e-01 6.164821386337280273e-01 -6.485859079853849296e-04 3.350314174989502992e-03
-6.253412365913391113e-01 2.728367149829864502e-01 -2.586018342916908234e-03 -1.873546902250989871e-03
2.678413875401020050e-02 -1.922297179698944092e-01 -1.762129339403353378e-03 1.418642304560902880e-03
