1.051658391952514648e+00 0.000000000000000000e+00
1.066124200820922852e+00 5.235987755982988157e-01
1.025034546852111816e+00 1.047197551196597631e+00
1.025358200073242188e+00 1.570796326794896558e+00
5.045256137847900391e+00 2.094395102393195263e+00
8.227691054344177246e-02 2.617993877991494411e+00
9.873803853988647461e-01 3.141592653589793116e+00
1.451407313346862793e+00 3.665191429188091821e+00
1.620442509651184082e+00 4.188790204786390525e+00
2.358955383300781250e+00 4.712388980384689674e+00
3.324560880661010742e+00 5.235987755982988823e+00
3.534001588821411133e+00 5.759586531581287083e+00
4.591305732727050781e+00 0.000000000000000000e+00
5.029214382171630859e+00 5.235987755982988157e-01
5.618642330169677734e+00 1.047197551196597631e+00
5.705362319946289062e+00 1.570796326794896558e+00
5.914439678192138672e+00 2.094395102393195263e+00
7.471115142107009888e-02 2.617993877991494411e+00
9.744316339492797852e-01 3.141592653589793116e+00
1.497538447380065918e+00 3.665191429188091821e+00
1.617262005805969238e+00 4.188790204786390525e+00
2.395031452178955078e+00 4.712388980384689674e+00
3.323628187179565430e+00 5.235987755982988823e+00
3.536150217056274414e+00 5.759586531581287083e+00
4.566889286041259766e+00 0.000000000000000000e+00
5.050028324127197266e+00 5.235987755982988157e-01
5.622171401977539062e+00 1.047197551196597631e+00
5.740520000457763672e+00 1.570796326794896558e+00
5.656559944152832031e+00 2.094395102393195263e+00
8.460783213376998901e-02 2.617993877991494411e+00
1.000443339347839355e+00 3.141592653589793116e+00
1.475645899772644043e+00 3.665191429188091821e+00
1.662839293479919434e+00 4.188790204786390525e+00
2.334902286529541016e+00 4.712388980384689674e+00
3.347526788711547852e+00 5.235987755982988823e+00
3.517209529876708984e+00 5.759586531581287083e+00
4.578319072723388672e+00 0.000000000000000000e+00
4.992766857147216797e+00 5.235987755982988157e-01
5.593106269836425781e+00 1.047197551196597631e+00
5.750000000000000000e+00 1.570796326794896558e+00
5.871210098266601562e+00 2.094395102393195263e+00
1.014917790889739990e-01 2.617993877991494411e+00
1.027730107307434082e+00 3.141592653589793116e+00
1.476296663284301758e+00 3.665191429188091821e+00
1.654255628585815430e+00 4.188790204786390525e+00
2.414947271347045898e+00 4.712388980384689674e+00
3.371353626251220703e+00 5.235987755982988823e+00
3.469468355178833008e+00 5.759586531581287083e+00
4.581217288970947266e+00 0.000000000000000000e+00
5.021300315856933594e+00 5.235987755982988157e-01
5.629299163818359375e+00 1.047197551196597631e+00
5.732141971588134766e+00 1.570796326794896558e+00
5.905178070068359375e+00 2.094395102393195263e+00
1.163511574268341064e-01 2.617993877991494411e+00
1.020005822181701660e+00 3.141592653589793116e+00
1.449098229408264160e+00 3.665191429188091821e+00
1.612426519393920898e+00 4.188790204786390525e+00
2.450949430465698242e+00 4.712388980384689674e+00
3.356461286544799805e+00 5.235987755982988823e+00
3.527125597000122070e+00 5.759586531581287083e+00
4.543943881988525391e+00 0.000000000000000000e+00
5.054385662078857422e+00 5.235987755982988157e-01
5.585887908935546875e+00 1.047197551196597631e+00
5.703919887542724609e+00 1.570796326794896558e+00
5.925461292266845703e+00 2.094395102393195263e+00
1.340143978595733643e-01 2.617993877991494411e+00
1.041374564170837402e+00 3.141592653589793116e+00
1.461786150932312012e+00 3.665191429188091821e+00
1.653098583221435547e+00 4.188790204786390525e+00
2.427347898483276367e+00 4.712388980384689674e+00
3.340400218963623047e+00 5.235987755982988823e+00
3.549189329147338867e+00 5.759586531581287083e+00
4.598589897155761719e+00 0.000000000000000000e+00
4.966944694519042969e+00 5.235987755982988157e-01
5.571544170379638672e+00 1.047197551196597631e+00
5.719801902770996094e+00 1.570796326794896558e+00
5.921927928924560547e+00 2.094395102393195263e+00
1.866100877523422241e-01 2.617993877991494411e+00
1.052573204040527344e+00 3.141592653589793116e+00
1.506196737289428711e+00 3.665191429188091821e+00
1.615474820137023926e+00 4.188790204786390525e+00
2.306363105773925781e+00 4.712388980384689674e+00
3.410250902175903320e+00 5.235987755982988823e+00
3.533081531524658203e+00 5.759586531581287083e+00
4.609971523284912109e+00 0.000000000000000000e+00
4.972504138946533203e+00 5.235987755982988157e-01
5.562410831451416016e+00 1.047197551196597631e+00
5.746444225311279297e+00 1.570796326794896558e+00
5.913821220397949219e+00 2.094395102393195263e+00
1.855993270874023438e-01 2.617993877991494411e+00
1.072480440139770508e+00 3.141592653589793116e+00
1.506221771240234375e+00 3.665191429188091821e+00
1.584264159202575684e+00 4.188790204786390525e+00
2.302033662796020508e+00 4.712388980384689674e+00
3.424482583999633789e+00 5.235987755982988823e+00
3.549359321594238281e+00 5.759586531581287083e+00
4.522359371185302734e+00 0.000000000000000000e+00
5.028274536132812500e+00 5.235987755982988157e-01
5.538691997528076172e+00 1.047197551196597631e+00
5.765051841735839844e+00 1.570796326794896558e+00
5.912776947021484375e+00 2.094395102393195263e+00
2.245464324951171875e-01 2.617993877991494411e+00
1.056937456130981445e+00 3.141592653589793116e+00
1.510070562362670898e+00 3.665191429188091821e+00
1.548944354057312012e+00 4.188790204786390525e+00
2.322107553482055664e+00 4.712388980384689674e+00
3.406670331954956055e+00 5.235987755982988823e+00
3.566407203674316406e+00 5.759586531581287083e+00
4.502176284790039062e+00 0.000000000000000000e+00
4.950446605682373047e+00 5.235987755982988157e-01
5.498708724975585938e+00 1.047197551196597631e+00
5.772052764892578125e+00 1.570796326794896558e+00
5.881818294525146484e+00 2.094395102393195263e+00
3.362807631492614746e-01 2.617993877991494411e+00
1.085260629653930664e+00 3.141592653589793116e+00
1.510548710823059082e+00 3.665191429188091821e+00
1.470074772834777832e+00 4.188790204786390525e+00
2.330513000488281250e+00 4.712388980384689674e+00
3.367043018341064453e+00 5.235987755982988823e+00
3.549171686172485352e+00 5.759586531581287083e+00
4.432733535766601562e+00 0.000000000000000000e+00
4.957795143127441406e+00 5.235987755982988157e-01
5.412799835205078125e+00 1.047197551196597631e+00
5.780204772949218750e+00 1.570796326794896558e+00
5.866176128387451172e+00 2.094395102393195263e+00
2.900840938091278076e-01 2.617993877991494411e+00
1.114065170288085938e+00 3.141592653589793116e+00
1.525374412536621094e+00 3.665191429188091821e+00
1.500220656394958496e+00 4.188790204786390525e+00
2.336374998092651367e+00 4.712388980384689674e+00
3.400763273239135742e+00 5.235987755982988823e+00
3.526880741119384766e+00 5.759586531581287083e+00
4.479458332061767578e+00 0.000000000000000000e+00
5.012967586517333984e+00 5.235987755982988157e-01
5.335526943206787109e+00 1.047197551196597631e+00
5.746827602386474609e+00 1.570796326794896558e+00
5.823315143585205078e+00 2.094395102393195263e+00
2.254059761762619019e-01 2.617993877991494411e+00
1.116332173347473145e+00 3.141592653589793116e+00
1.544853210449218750e+00 3.665191429188091821e+00
1.534576058387756348e+00 4.188790204786390525e+00
2.387392044067382812e+00 4.712388980384689674e+00
3.407617807388305664e+00 5.235987755982988823e+00
3.571225404739379883e+00 5.759586531581287083e+00
4.420280456542968750e+00 0.000000000000000000e+00
4.960030078887939453e+00 5.235987755982988157e-01
5.333775043487548828e+00 1.047197551196597631e+00
5.758289337158203125e+00 1.570796326794896558e+00
5.830802917480468750e+00 2.094395102393195263e+00
2.212761193513870239e-01 2.617993877991494411e+00
1.121238827705383301e+00 3.141592653589793116e+00
1.490379810333251953e+00 3.665191429188091821e+00
1.530525565147399902e+00 4.188790204786390525e+00
2.327130079269409180e+00 4.712388980384689674e+00
3.205719232559204102e+00 5.235987755982988823e+00
3.410319805145263672e+00 5.759586531581287083e+00
4.225092887878417969e+00 0.000000000000000000e+00
4.958021640777587891e+00 5.235987755982988157e-01
5.284392833709716797e+00 1.047197551196597631e+00
5.740576744079589844e+00 1.570796326794896558e+00
5.358029365539550781e+00 2.094395102393195263e+00
2.444230318069458008e-01 2.617993877991494411e+00
1.118333220481872559e+00 3.141592653589793116e+00
1.497233510017395020e+00 3.665191429188091821e+00
1.543682098388671875e+00 4.188790204786390525e+00
2.410684108734130859e+00 4.712388980384689674e+00
3.032149076461791992e+00 5.235987755982988823e+00
3.217705965042114258e+00 5.759586531581287083e+00
4.082267761230468750e+00 0.000000000000000000e+00
4.939946174621582031e+00 5.235987755982988157e-01
5.238204002380371094e+00 1.047197551196597631e+00
5.752058982849121094e+00 1.570796326794896558e+00
4.961215972900390625e+00 2.094395102393195263e+00
2.545922398567199707e-01 2.617993877991494411e+00
1.084097266197204590e+00 3.141592653589793116e+00
1.516136646270751953e+00 3.665191429188091821e+00
1.618129134178161621e+00 4.188790204786390525e+00
2.368834257125854492e+00 4.712388980384689674e+00
2.821572065353393555e+00 5.235987755982988823e+00
2.993580341339111328e+00 5.759586531581287083e+00
4.407129764556884766e+00 0.000000000000000000e+00
4.951198577880859375e+00 5.235987755982988157e-01
5.190705776214599609e+00 1.047197551196597631e+00
5.753610610961914062e+00 1.570796326794896558e+00
3.197094202041625977e+00 2.094395102393195263e+00
2.916427850723266602e-01 2.617993877991494411e+00
1.106393098831176758e+00 3.141592653589793116e+00
1.501222610473632812e+00 3.665191429188091821e+00
1.605542182922363281e+00 4.188790204786390525e+00
2.476107120513916016e+00 4.712388980384689674e+00
2.586787700653076172e+00 5.235987755982988823e+00
2.654122114181518555e+00 5.759586531581287083e+00
3.922434568405151367e+00 0.000000000000000000e+00
5.046577453613281250e+00 5.235987755982988157e-01
5.257735729217529297e+00 1.047197551196597631e+00
5.747804164886474609e+00 1.570796326794896558e+00
2.044041633605957031e+00 2.094395102393195263e+00
4.869035780429840088e-01 2.617993877991494411e+00
1.123833179473876953e+00 3.141592653589793116e+00
1.474809169769287109e+00 3.665191429188091821e+00
1.626300334930419922e+00 4.188790204786390525e+00
2.417847633361816406e+00 4.712388980384689674e+00
2.168408393859863281e+00 5.235987755982988823e+00
2.308503866195678711e+00 5.759586531581287083e+00
3.337561845779418945e+00 0.000000000000000000e+00
5.024926662445068359e+00 5.235987755982988157e-01
5.147318363189697266e+00 1.047197551196597631e+00
5.714684486389160156e+00 1.570796326794896558e+00
2.003394842147827148e+00 2.094395102393195263e+00
5.801951885223388672e-01 2.617993877991494411e+00
1.146772861480712891e+00 3.141592653589793116e+00
1.573084592819213867e+00 3.665191429188091821e+00
1.565115809440612793e+00 4.188790204786390525e+00
2.418701887130737305e+00 4.712388980384689674e+00
1.895280480384826660e+00 5.235987755982988823e+00
1.808804750442504883e+00 5.759586531581287083e+00
3.120218515396118164e+00 0.000000000000000000e+00
5.077847480773925781e+00 5.235987755982988157e-01
5.164936065673828125e+00 1.047197551196597631e+00
5.707125663757324219e+00 1.570796326794896558e+00
1.797714352607727051e+00 2.094395102393195263e+00
6.808252334594726562e-01 2.617993877991494411e+00
1.125424027442932129e+00 3.141592653589793116e+00
1.520918965339660645e+00 3.665191429188091821e+00
1.661708831787109375e+00 4.188790204786390525e+00
2.340691566467285156e+00 4.712388980384689674e+00
1.828451991081237793e+00 5.235987755982988823e+00
1.573379158973693848e+00 5.759586531581287083e+00
2.561917066574096680e+00 0.000000000000000000e+00
5.068306922912597656e+00 5.235987755982988157e-01
5.202964305877685547e+00 1.047197551196597631e+00
5.716735363006591797e+00 1.570796326794896558e+00
1.389754056930541992e+00 2.094395102393195263e+00
7.960258722305297852e-01 2.617993877991494411e+00
1.170880436897277832e+00 3.141592653589793116e+00
1.553771018981933594e+00 3.665191429188091821e+00
1.621817111968994141e+00 4.188790204786390525e+00
2.380534887313842773e+00 4.712388980384689674e+00
1.614793658256530762e+00 5.235987755982988823e+00
1.379334568977355957e+00 5.759586531581287083e+00
