1.436378955841064453e+00 0.000000000000000000e+00
1.430212974548339844e+00 5.235987755982988157e-01
1.428121566772460938e+00 1.047197551196597631e+00
1.480054378509521484e+00 1.570796326794896558e+00
3.701087474822998047e+00 2.094395102393195263e+00
3.721234798431396484e-01 2.617993877991494411e+00
1.021991252899169922e+00 3.141592653589793116e+00
1.520285487174987793e+00 3.665191429188091821e+00
1.997544169425964355e+00 4.188790204786390525e+00
2.586421251296997070e+00 4.712388980384689674e+00
3.148941755294799805e+00 5.235987755982988823e+00
3.474807024002075195e+00 5.759586531581287083e+00
4.106528282165527344e+00 0.000000000000000000e+00
4.494462966918945312e+00 5.235987755982988157e-01
4.913954257965087891e+00 1.047197551196597631e+00
5.457603454589843750e+00 1.570796326794896558e+00
4.716789722442626953e+00 2.094395102393195263e+00
3.065718710422515869e-01 2.617993877991494411e+00
1.170600652694702148e+00 3.141592653589793116e+00
1.629221677780151367e+00 3.665191429188091821e+00
1.982374191284179688e+00 4.188790204786390525e+00
2.556066751480102539e+00 4.712388980384689674e+00
3.130482435226440430e+00 5.235987755982988823e+00
3.474937677383422852e+00 5.759586531581287083e+00
4.116482257843017578e+00 0.000000000000000000e+00
4.508860111236572266e+00 5.235987755982988157e-01
4.930729389190673828e+00 1.047197551196597631e+00
5.460534095764160156e+00 1.570796326794896558e+00
4.836043834686279297e+00 2.094395102393195263e+00
3.251778483390808105e-01 2.617993877991494411e+00
1.120505332946777344e+00 3.141592653589793116e+00
1.586252689361572266e+00 3.665191429188091821e+00
1.978955626487731934e+00 4.188790204786390525e+00
2.539076566696166992e+00 4.712388980384689674e+00
3.131935596466064453e+00 5.235987755982988823e+00
3.479702949523925781e+00 5.759586531581287083e+00
4.051822185516357422e+00 0.000000000000000000e+00
4.507962703704833984e+00 5.235987755982988157e-01
4.890811443328857422e+00 1.047197551196597631e+00
5.440133571624755859e+00 1.570796326794896558e+00
4.986827373504638672e+00 2.094395102393195263e+00
2.837025523185729980e-01 2.617993877991494411e+00
1.159921765327453613e+00 3.141592653589793116e+00
1.607377648353576660e+00 3.665191429188091821e+00
1.997160315513610840e+00 4.188790204786390525e+00
2.561009168624877930e+00 4.712388980384689674e+00
3.129108905792236328e+00 5.235987755982988823e+00
3.509613275527954102e+00 5.759586531581287083e+00
4.091342449188232422e+00 0.000000000000000000e+00
4.523564338684082031e+00 5.235987755982988157e-01
4.889433860778808594e+00 1.047197551196597631e+00
5.429997920989990234e+00 1.570796326794896558e+00
5.087828159332275391e+00 2.094395102393195263e+00
3.322819471359252930e-01 2.617993877991494411e+00
1.085603117942810059e+00 3.141592653589793116e+00
1.589342474937438965e+00 3.665191429188091821e+00
1.983587145805358887e+00 4.188790204786390525e+00
2.570684194564819336e+00 4.712388980384689674e+00
3.110579729080200195e+00 5.235987755982988823e+00
3.485799551010131836e+00 5.759586531581287083e+00
4.119990348815917969e+00 0.000000000000000000e+00
4.513341426849365234e+00 5.235987755982988157e-01
4.935282707214355469e+00 1.047197551196597631e+00
5.437701702117919922e+00 1.570796326794896558e+00
5.059844493865966797e+00 2.094395102393195263e+00
3.161743581295013428e-01 2.617993877991494411e+00
1.166080594062805176e+00 3.141592653589793116e+00
1.656922340393066406e+00 3.665191429188091821e+00
1.975075006484985352e+00 4.188790204786390525e+00
2.560746669769287109e+00 4.712388980384689674e+00
3.121109008789062500e+00 5.235987755982988823e+00
3.482488155364990234e+00 5.759586531581287083e+00
4.176307201385498047e+00 0.000000000000000000e+00
4.480760097503662109e+00 5.235987755982988157e-01
4.892504692077636719e+00 1.047197551196597631e+00
5.444210529327392578e+00 1.570796326794896558e+00
5.119876384735107422e+00 2.094395102393195263e+00
3.044586181640625000e-01 2.617993877991494411e+00
1.169758796691894531e+00 3.141592653589793116e+00
1.637471556663513184e+00 3.665191429188091821e+00
1.984860897064208984e+00 4.188790204786390525e+00
2.549471139907836914e+00 4.712388980384689674e+00
3.116648674011230469e+00 5.235987755982988823e+00
3.474373340606689453e+00 5.759586531581287083e+00
4.151855468750000000e+00 0.000000000000000000e+00
4.505059242248535156e+00 5.235987755982988157e-01
4.936959266662597656e+00 1.047197551196597631e+00
5.433734893798828125e+00 1.570796326794896558e+00
5.009219646453857422e+00 2.094395102393195263e+00
3.720707893371582031e-01 2.617993877991494411e+00
1.148139476776123047e+00 3.141592653589793116e+00
1.633313775062561035e+00 3.665191429188091821e+00
1.978076577186584473e+00 4.188790204786390525e+00
2.555164098739624023e+00 4.712388980384689674e+00
3.134057521820068359e+00 5.235987755982988823e+00
3.489441156387329102e+00 5.759586531581287083e+00
4.158553600311279297e+00 0.000000000000000000e+00
4.473997592926025391e+00 5.235987755982988157e-01
4.907069683074951172e+00 1.047197551196597631e+00
5.422172546386718750e+00 1.570796326794896558e+00
5.248290061950683594e+00 2.094395102393195263e+00
3.436869680881500244e-01 2.617993877991494411e+00
1.130117058753967285e+00 3.141592653589793116e+00
1.630921363830566406e+00 3.665191429188091821e+00
1.981594681739807129e+00 4.188790204786390525e+00
2.558387994766235352e+00 4.712388980384689674e+00
3.127757549285888672e+00 5.235987755982988823e+00
3.474214076995849609e+00 5.759586531581287083e+00
4.152849197387695312e+00 0.000000000000000000e+00
4.493809223175048828e+00 5.235987755982988157e-01
4.906385898590087891e+00 1.047197551196597631e+00
5.469809532165527344e+00 1.570796326794896558e+00
5.313671112060546875e+00 2.094395102393195263e+00
2.908181548118591309e-01 2.617993877991494411e+00
1.043937206268310547e+00 3.141592653589793116e+00
1.594714283943176270e+00 3.665191429188091821e+00
1.980603933334350586e+00 4.188790204786390525e+00
2.551977396011352539e+00 4.712388980384689674e+00
3.117204666137695312e+00 5.235987755982988823e+00
3.465193510055541992e+00 5.759586531581287083e+00
