2.000000000000000000e+00 -4.424909621368540262e-03
-1.843795776367187500e+00 -2.190487868868045297e-03
8.674553036689758301e-01 -1.396082115086106756e-03
1.999999880790710449e+00 4.167447116117988827e-03
1.814813464879989624e-01 4.281011373058674595e-03
1.513679504394531250e+00 4.743424998056073975e-03
-1.629071086645126343e-01 -2.163237068453491719e-03
1.400162339210510254e+00 3.130268268120846124e-03
1.127982959151268005e-01 -3.411310485730033749e-03
1.107427477836608887e+00 2.528129711608221621e-03
-1.644133448600769043e+00 -6.474700190057525173e-04
1.011682868003845215e+00 -3.018926486796965486e-04
1.725288152694702148e+00 -4.461172256053830276e-03
1.303083300590515137e+00 -8.904220943092809593e-04
-4.981743097305297852e-01 -4.913761858814577610e-04
4.232259988784790039e-01 -2.399025029390530316e-03
-1.263481497764587402e+00 -2.635022042882757560e-03
-1.840946525335311890e-01 6.775404703697300579e-04
6.212051510810852051e-01 1.391193608383333065e-03
-1.643972158432006836e+00 2.199144832134005897e-04
1.893758535385131836e+00 -4.057352768695605613e-03
1.171363830566406250e+00 -1.814022744155267992e-03
1.199394345283508301e+00 4.995804693912025453e-03
-6.350573152303695679e-02 -6.389285562316713782e-04
1.619993329048156738e+00 2.720381209878041176e-03
-9.424630999565124512e-01 3.514294188468291592e-03
1.052012205123901367e+00 -3.500682305712196195e-03
1.695156097412109375e+00 1.311714529629098673e-03
1.321938157081604004e+00 8.701532652403420887e-04
2.916278541088104248e-01 -5.918393174866518058e-04
1.862767934799194336e+00 -3.784112780581202606e-03
1.584282755851745605e+00 4.784323067867819919e-03
6.751487255096435547e-01 1.202381868073160859e-05
3.305074572563171387e-01 -4.854577575499785524e-03
1.701329588890075684e+00 3.311772968009278791e-03
1.066349625587463379e+00 -4.113678898585082164e-04
-1.260682702064514160e+00 2.405613294544726305e-03
-3.697940111160278320e-01 -1.414881416132742625e-03
4.125533998012542725e-01 -1.119335807055927678e-03
9.198694825172424316e-01 2.657842068243239722e-04
1.474901914596557617e+00 -2.276414145106098186e-03
1.243950366973876953e+00 4.672748664302357920e-03
-1.578671097755432129e+00 1.631902107179549269e-04
-1.566857397556304932e-01 4.748299928391853941e-04
-1.577420383691787720e-01 -2.135665586213070406e-03
9.710234999656677246e-01 4.380330594549748831e-03
-1.633622884750366211e+00 -4.424695080931568929e-03
-1.368137001991271973e+00 -4.048949938036541275e-03
3.894717991352081299e-01 -4.913543463304644900e-03
2.516654133796691895e-01 7.952149289476885541e-04
8.902969360351562500e-01 2.840855905204415534e-03
1.165354251861572266e+00 4.508985536498615575e-03
-1.015969395637512207e+00 5.057511562992500487e-04
-8.265544176101684570e-01 2.917013038312128194e-03
5.995466113090515137e-01 -2.259109115336715035e-03
1.324708461761474609e+00 2.209218917666002854e-03
-1.617322564125061035e+00 8.364626595655719199e-04
7.112583518028259277e-01 -3.462176043843921951e-03
1.657756805419921875e+00 4.092357070539066367e-03
1.244072079658508301e+00 -4.898837918668580947e-03
1.488246679306030273e+00 4.844400250078422822e-03
-1.347335457801818848e+00 -1.128595321759493647e-03
5.030559897422790527e-01 -1.498231890415239412e-03
-6.421085596084594727e-01 4.337272243642882434e-03
1.232101082801818848e+00 4.139044181458831177e-03
7.185484766960144043e-01 1.924403275910059434e-03
-8.586645126342773438e-01 1.386287017715706442e-03
1.171875834465026855e+00 -3.183186532650461673e-03
1.342094659805297852e+00 -9.221029629415122830e-04
2.206184864044189453e-01 -3.745849897639189421e-03
1.233259320259094238e+00 3.823916245363079801e-03
1.787054061889648438e+00 2.175542195699453965e-03
1.452922582626342773e+00 4.894049323088169208e-03
1.288076758384704590e+00 -3.889692765877980976e-04
5.230366587638854980e-01 2.107692140655499820e-03
1.555236339569091797e+00 -7.224530020655513599e-04
1.163504123687744141e+00 4.116896942445473322e-03
7.377020120620727539e-01 -3.945631904021469454e-03
1.649687647819519043e+00 -4.292785513904074160e-03
2.358812540769577026e-01 -3.887943457413221057e-03
9.423360228538513184e-03 -3.739081856108392513e-03
-1.099241733551025391e+00 5.615482372296597829e-04
2.220872193574905396e-01 4.996409312818797174e-04
-8.465062975883483887e-01 4.056292181574488488e-03
-1.257782459259033203e+00 -4.150114235228514505e-03
-1.400572657585144043e+00 4.706713553197311266e-03
-1.917521238327026367e+00 5.921947940208437469e-04
7.556462287902832031e-01 4.484577718258769309e-03
3.538064062595367432e-01 -2.185118746785298313e-03
1.137308239936828613e+00 2.993315819918574740e-03
1.351455092430114746e+00 3.378502456316891632e-03
1.144453406333923340e+00 -2.349821299469536610e-03
-1.511609196662902832e+00 1.296885655515103361e-04
6.759489774703979492e-01 1.619994289923117232e-03
5.046566128730773926e-01 -4.361480845073776626e-03
-1.265704751014709473e+00 -2.783282409006342453e-03
-8.965623974800109863e-01 -1.721872497995336100e-03
1.042949199676513672e+00 -1.464073462358850188e-03
-7.660580277442932129e-01 -2.377860776877030024e-03
9.947315454483032227e-01 -3.019106987070616782e-03
