-1.377705097198486328e+00 -2.810210528261860522e-03
-1.778760790824890137e+00 -3.604884882553488663e-03
-2.000000000000000000e+00 -3.871885539754918969e-03
-2.000000000000000000e+00 -3.613157596976821796e-03
-1.999421119689941406e+00 8.356989779065649229e-04
-1.901393651962280273e+00 2.764168354312261829e-03
-1.966155290603637695e+00 3.509323526701605030e-03
-1.971754193305969238e+00 4.889081444878168141e-03
1.617331385612487793e+00 3.402526154872301083e-03
-1.722837567329406738e+00 -3.532141655854123107e-03
1.030188918113708496e+00 1.496171048404635467e-03
7.093057036399841309e-01 -1.550128576027072404e-03
1.166088104248046875e+00 -1.171287924740469551e-03
-1.991027116775512695e+00 4.079117933902789463e-03
-2.908366322517395020e-01 -3.116473130714348012e-03
-1.859081745147705078e+00 -1.629590841004645470e-03
-1.925647377967834473e+00 -2.119688123538893305e-03
-1.980433315038681030e-01 4.606571065007309708e-03
-1.999884605407714844e+00 -1.164274909763918144e-03
-1.572560548782348633e+00 1.631389725401769485e-03
4.100544154644012451e-01 4.261412108716775178e-03
1.061693310737609863e+00 -2.491271528804695976e-04
-1.789372563362121582e+00 2.398864538789704376e-03
-3.710681200027465820e-01 -5.302157820378725073e-05
1.017898917198181152e+00 4.756196246199603968e-03
-5.252101421356201172e-01 1.968744971880126426e-05
1.342172861099243164e+00 -1.480252715893178982e-03
-1.786720752716064453e+00 3.060893616099753974e-03
1.057323336601257324e+00 -4.533463968383618682e-03
-1.856260180473327637e+00 4.802597071416370676e-03
-1.982951164245605469e+00 -7.988404112314502481e-04
-4.857957959175109863e-01 -2.746133369339157776e-03
-1.956613779067993164e+00 1.744109948739934468e-03
-4.515210166573524475e-02 -1.095688444890760994e-03
-1.983619451522827148e+00 -8.087449670661807366e-04
-1.999998331069946289e+00 2.442890934773385078e-03
-1.054459571838378906e+00 -3.851203214030603228e-03
-1.904343366622924805e+00 3.116523512174270392e-03
-1.975996851921081543e+00 8.648122308549032952e-04
-3.051202595233917236e-01 -4.746111070713399452e-03
-1.998995542526245117e+00 2.465535958521601970e-04
2.938580214977264404e-01 -2.958671808090056633e-03
1.260090351104736328e+00 6.488783313006564815e-04
-1.995248556137084961e+00 4.660208677738453785e-03
-1.928511857986450195e+00 2.446178044245531959e-03
-1.874958992004394531e+00 4.384954324465292243e-03
1.958993673324584961e+00 2.726227160296230620e-03
9.925799965858459473e-01 4.714394808874333188e-03
1.171105265617370605e+00 2.413860109982737638e-03
1.009297966957092285e+00 -6.620543237201449022e-04
8.832418322563171387e-01 4.468781698880443763e-03
8.478552103042602539e-01 -4.636488740385386921e-03
1.361812353134155273e+00 -3.991600557465816226e-03
-1.946083664894104004e+00 -1.288590782168077750e-03
1.187885046005249023e+00 2.319932321843918080e-03
1.388346791267395020e+00 2.974246133385986986e-03
-1.990977287292480469e+00 -1.209622472964935053e-03
-1.996172189712524414e+00 -1.473792486989794655e-03
-1.695102691650390625e+00 3.525673714622912930e-04
-3.890970349311828613e-02 1.627716297028336360e-03
-1.964360237121582031e+00 1.772274370155021983e-04
9.457235336303710938e-01 -3.182438595106631615e-03
-9.961532428860664368e-03 -2.012091618322535674e-03
7.413351535797119141e-01 3.589794508046004022e-03
1.062251925468444824e+00 -4.756910956396567455e-03
-1.995892643928527832e+00 2.774646245153039766e-03
1.576100468635559082e+00 -1.254297834411221245e-03
3.488316833972930908e-01 -1.928078324889805767e-03
-1.978299736976623535e+00 -4.572762845935377483e-03
-1.098475098609924316e+00 3.443713926493312781e-03
7.716394066810607910e-01 4.459977364061405540e-03
1.881810188293457031e+00 -3.845176916254780010e-03
-1.919152498245239258e+00 9.663775160094903796e-04
-1.900676846504211426e+00 -9.731019236968764530e-04
1.001971960067749023e+00 -2.046254692162820070e-03
-1.998792648315429688e+00 7.340297816032939973e-04
-1.059927120804786682e-01 -4.425800367776864218e-03
-1.821009516716003418e+00 4.384410305155661200e-04
4.622872173786163330e-02 -1.068976395654524028e-03
1.968761324882507324e+00 -4.389618935443193905e-03
-1.048565626144409180e+00 1.568364592925610562e-03
1.861686468124389648e+00 -5.772288152075854065e-04
1.545918703079223633e+00 1.683063272947457438e-03
-1.950089454650878906e+00 9.875938371412670488e-04
3.612302243709564209e-01 3.121328901741489241e-03
-1.978231906890869141e+00 -4.743554511761853901e-03
1.283824682235717773e+00 -1.250292174873653822e-04
1.197162032127380371e+00 -1.538384546516383643e-03
8.376146554946899414e-01 2.595538153705541883e-03
-1.983191013336181641e+00 -1.085036409143940242e-03
-1.908293962478637695e+00 -3.167663186157466428e-03
9.426937699317932129e-01 3.650274989163500468e-03
6.999189853668212891e-01 -2.647143686902148248e-03
-1.433093547821044922e+00 2.786954910919665560e-03
-1.998292446136474609e+00 -3.883581992467850623e-03
5.097172260284423828e-01 -4.312003464772130520e-03
-1.998534321784973145e+00 2.112181715170986969e-03
-1.624768614768981934e+00 3.736407196528535382e-04
-1.968842029571533203e+00 -4.665803052602928574e-03
-1.956669807434082031e+00 -3.991689642089341419e-03
