1.369036197662353516e+00 3.345536258411478496e-03
1.349929124116897583e-01 -4.459732929866516357e-03
1.756825923919677734e+00 3.854687813665239222e-03
-2.687510550022125244e-01 -1.060494771643991259e-03
8.890168666839599609e-01 4.492326067787335252e-03
-1.570833086967468262e+00 2.015151653108945146e-03
1.322615504264831543e+00 4.883684442956319309e-03
-1.090641498565673828e+00 9.285790168267740383e-04
1.148571729660034180e+00 2.336280796502695004e-04
8.270575404167175293e-01 5.577124078209186667e-04
1.147541165351867676e+00 5.160035394059635933e-04
-3.314726352691650391e-01 4.070145497388328280e-03
-8.388357162475585938e-01 4.871658277084315626e-03
-1.266937971115112305e+00 -1.205733662149568314e-03
-1.437774181365966797e+00 3.083782999163870754e-03
9.281744360923767090e-01 -1.368964414408918497e-03
7.610999345779418945e-01 1.325262187410932053e-03
-1.424486041069030762e+00 -3.280866225887192102e-03
1.253838539123535156e+00 -8.964246084266613152e-05
-1.391897559165954590e+00 4.100019596842761731e-03
-6.366439461708068848e-01 -4.090257242921794580e-03
-1.332598567008972168e+00 -4.132554558950493617e-03
-1.584546327590942383e+00 1.014596892976323515e-03
1.122326493263244629e+00 2.226066150934498042e-03
-1.567979216575622559e+00 2.316968199049453114e-03
-1.273852348327636719e+00 3.026400349253427664e-03
-1.321858167648315430e+00 -4.617429699926298495e-03
1.117056965827941895e+00 -1.795021746027602918e-03
1.608053207397460938e+00 4.695106190484612564e-03
7.583420276641845703e-01 1.108091872921501859e-03
-1.595305800437927246e+00 -4.557354941730793613e-03
-1.208960294723510742e+00 -3.953020627271891345e-03
1.185833215713500977e+00 3.583387807073504759e-03
-1.189701080322265625e+00 -3.368858270482710630e-03
-1.414394259452819824e+00 -9.222761386142508053e-04
-1.283601403236389160e+00 4.708346927238089667e-03
8.827106356620788574e-01 -2.278510296334790991e-04
-1.266865134239196777e+00 -3.232455207206627254e-03
-1.452572941780090332e+00 2.083983883242188778e-03
1.180075049400329590e+00 4.798545708074366915e-03
-1.351057648658752441e+00 -3.299980491495937800e-03
-1.228744387626647949e+00 3.676215888132393188e-03
1.151709318161010742e+00 -4.469803156545969387e-03
1.125858664512634277e+00 -2.101445596112087172e-03
-1.311341404914855957e+00 -4.343939543720158961e-03
8.901122808456420898e-01 1.856871298799950450e-03
-1.675790905952453613e+00 4.750018129002958438e-03
-1.086033344268798828e+00 6.898675986993065348e-04
-1.441530227661132812e+00 5.554694448208202101e-05
1.034227132797241211e+00 -2.004932255989354782e-03
1.217989325523376465e+00 -4.796520678833182671e-03
-9.436268806457519531e-01 3.727394963180642208e-03
-1.409470558166503906e+00 2.894782225644865030e-03
-1.298600316047668457e+00 4.973738520717612376e-03
-1.421034932136535645e+00 3.210641552856456117e-03
8.966305255889892578e-01 -3.390209376451367405e-03
9.800692200660705566e-01 3.013617780467782968e-03
1.131370306015014648e+00 4.635926264169383700e-03
9.701886177062988281e-01 3.660755095215938344e-03
-1.328023672103881836e+00 -2.820824427656181289e-03
8.263669013977050781e-01 7.988548020677220182e-04
1.324567437171936035e+00 3.031161358615281666e-03
9.391927719116210938e-01 -9.033038958112518321e-04
-1.362448334693908691e+00 1.255520195603940584e-03
-1.126578688621520996e+00 -3.229533698689188680e-03
1.320786595344543457e+00 4.477940613015132278e-03
-1.349940299987792969e+00 -3.665137483509719844e-03
9.763148427009582520e-01 3.056678910913151505e-03
-1.300845742225646973e+00 2.420210802936735225e-03
1.125738501548767090e+00 1.690102507197613520e-03
-1.291227698326110840e+00 -4.761994331788450309e-03
1.153491854667663574e+00 -4.287001901473479551e-03
1.648760318756103516e+00 4.207847628385149273e-03
1.220929384231567383e+00 -1.230355311574228474e-03
-1.623086929321289062e+00 4.415099623596602761e-03
-1.463328599929809570e+00 -3.729320837064576885e-03
1.241183757781982422e+00 2.347604600648835020e-03
-1.391201496124267578e+00 2.153101490653825008e-03
1.336857438087463379e+00 -2.598400304137106400e-03
-9.704617857933044434e-01 8.316651635788705962e-04
5.648045539855957031e-01 -3.050099303829092653e-03
1.587755680084228516e+00 -4.451295091029705553e-03
-1.123292446136474609e+00 -1.759727470533899597e-03
-1.323719620704650879e+00 -1.530788564503100455e-03
-1.299694418907165527e+00 -1.972257490736701972e-03
-1.239426851272583008e+00 -3.240410113428019573e-03
-1.300916314125061035e+00 4.962311186392661354e-03
-1.223281025886535645e+00 -1.256580641702074053e-03
-1.168358922004699707e+00 4.549813173851248276e-03
-1.514081954956054688e+00 1.447031930445942180e-03
1.185739874839782715e+00 -2.115058648354537548e-03
-1.360193848609924316e+00 3.497271315187342085e-03
1.183158636093139648e+00 4.548050848217049212e-03
5.940780043601989746e-01 -3.318413308372544605e-03
-1.090139508247375488e+00 3.370409635922497378e-03
1.202867388725280762e+00 -6.694080405992165056e-04
1.255024313926696777e+00 -4.098593579261107164e-03
-1.281008243560791016e+00 -3.860615409696470726e-03
1.238869309425354004e+00 3.106054378223877151e-03
-1.406724691390991211e+00 -4.123708856898646892e-03
