3.613822937011718750e+00 0.000000000000000000e+00
3.613822937011718750e+00 5.235987755982988157e-01
3.613822937011718750e+00 1.047197551196597631e+00
3.613822937011718750e+00 1.570796326794896558e+00
6.283185482025146484e+00 2.094395102393195263e+00
6.283185482025146484e+00 2.617993877991494411e+00
6.283185482025146484e+00 3.141592653589793116e+00
0.000000000000000000e+00 3.665191429188091821e+00
0.000000000000000000e+00 4.188790204786390525e+00
0.000000000000000000e+00 4.712388980384689674e+00
9.699797630310058594e-02 5.235987755982988823e+00
6.283185482025146484e+00 5.759586531581287083e+00
6.283185482025146484e+00 0.000000000000000000e+00
0.000000000000000000e+00 5.235987755982988157e-01
1.851159322541207075e-04 1.047197551196597631e+00
6.282999038696289062e+00 1.570796326794896558e+00
3.222400322556495667e-02 2.094395102393195263e+00
6.283185482025146484e+00 2.617993877991494411e+00
6.283185482025146484e+00 3.141592653589793116e+00
0.000000000000000000e+00 3.665191429188091821e+00
0.000000000000000000e+00 4.188790204786390525e+00
0.000000000000000000e+00 4.712388980384689674e+00
0.000000000000000000e+00 5.235987755982988823e+00
1.031382817018311471e-05 5.759586531581287083e+00
6.283185482025146484e+00 0.000000000000000000e+00
0.000000000000000000e+00 5.235987755982988157e-01
0.000000000000000000e+00 1.047197551196597631e+00
6.283185482025146484e+00 1.570796326794896558e+00
0.000000000000000000e+00 2.094395102393195263e+00
0.000000000000000000e+00 2.617993877991494411e+00
6.283185482025146484e+00 3.141592653589793116e+00
0.000000000000000000e+00 3.665191429188091821e+00
6.278667926788330078e+00 4.188790204786390525e+00
0.000000000000000000e+00 4.712388980384689674e+00
0.000000000000000000e+00 5.235987755982988823e+00
6.283185482025146484e+00 5.759586531581287083e+00
6.283185482025146484e+00 0.000000000000000000e+00
0.000000000000000000e+00 5.235987755982988157e-01
0.000000000000000000e+00 1.047197551196597631e+00
6.283185482025146484e+00 1.570796326794896558e+00
0.000000000000000000e+00 2.094395102393195263e+00
0.000000000000000000e+00 2.617993877991494411e+00
6.283185482025146484e+00 3.141592653589793116e+00
0.000000000000000000e+00 3.665191429188091821e+00
6.283185482025146484e+00 4.188790204786390525e+00
0.000000000000000000e+00 4.712388980384689674e+00
0.000000000000000000e+00 5.235987755982988823e+00
6.283185482025146484e+00 5.759586531581287083e+00
6.283185482025146484e+00 0.000000000000000000e+00
0.000000000000000000e+00 5.235987755982988157e-01
3.289482323452830315e-03 1.047197551196597631e+00
6.283185482025146484e+00 1.570796326794896558e+00
0.000000000000000000e+00 2.094395102393195263e+00
6.283172130584716797e+00 2.617993877991494411e+00
6.283185482025146484e+00 3.141592653589793116e+00
0.000000000000000000e+00 3.665191429188091821e+00
3.793610930442810059e-01 4.188790204786390525e+00
0.000000000000000000e+00 4.712388980384689674e+00
6.283185482025146484e+00 5.235987755982988823e+00
6.283173561096191406e+00 5.759586531581287083e+00
6.283185482025146484e+00 0.000000000000000000e+00
0.000000000000000000e+00 5.235987755982988157e-01
6.283050537109375000e+00 1.047197551196597631e+00
6.243121147155761719e+00 1.570796326794896558e+00
0.000000000000000000e+00 2.094395102393195263e+00
6.283185482025146484e+00 2.617993877991494411e+00
0.000000000000000000e+00 3.141592653589793116e+00
0.000000000000000000e+00 3.665191429188091821e+00
5.966601371765136719e+00 4.188790204786390525e+00
0.000000000000000000e+00 4.712388980384689674e+00
6.283184528350830078e+00 5.235987755982988823e+00
6.283185482025146484e+00 5.759586531581287083e+00
6.283185482025146484e+00 0.000000000000000000e+00
0.000000000000000000e+00 5.235987755982988157e-01
0.000000000000000000e+00 1.047197551196597631e+00
6.243121147155761719e+00 1.570796326794896558e+00
0.000000000000000000e+00 2.094395102393195263e+00
2.164201498031616211e+00 2.617993877991494411e+00
0.000000000000000000e+00 3.141592653589793116e+00
0.000000000000000000e+00 3.665191429188091821e+00
6.274209976196289062e+00 4.188790204786390525e+00
0.000000000000000000e+00 4.712388980384689674e+00
6.283185482025146484e+00 5.235987755982988823e+00
6.283185482025146484e+00 5.759586531581287083e+00
6.283185482025146484e+00 0.000000000000000000e+00
0.000000000000000000e+00 5.235987755982988157e-01
0.000000000000000000e+00 1.047197551196597631e+00
6.283185482025146484e+00 1.570796326794896558e+00
0.000000000000000000e+00 2.094395102393195263e+00
6.283184528350830078e+00 2.617993877991494411e+00
2.167209913750411943e-06 3.141592653589793116e+00
0.000000000000000000e+00 3.665191429188091821e+00
6.278667926788330078e+00 4.188790204786390525e+00
1.977963677290972555e-07 4.712388980384689674e+00
6.283181667327880859e+00 5.235987755982988823e+00
6.283185482025146484e+00 5.759586531581287083e+00
6.283185482025146484e+00 0.000000000000000000e+00
0.000000000000000000e+00 5.235987755982988157e-01
0.000000000000000000e+00 1.047197551196597631e+00
6.283185482025146484e+00 1.570796326794896558e+00
0.000000000000000000e+00 2.094395102393195263e+00
0.000000000000000000e+00 2.617993877991494411e+00
0.000000000000000000e+00 3.141592653589793116e+00
0.000000000000000000e+00 3.665191429188091821e+00
7.044237008813070133e-06 4.188790204786390525e+00
0.000000000000000000e+00 4.712388980384689674e+00
6.283185482025146484e+00 5.235987755982988823e+00
6.283185482025146484e+00 5.759586531581287083e+00
6.283185482025146484e+00 0.000000000000000000e+00
0.000000000000000000e+00 5.235987755982988157e-01
3.464118018746376038e-02 1.047197551196597631e+00
6.283185482025146484e+00 1.570796326794896558e+00
8.686515684530604631e-06 2.094395102393195263e+00
0.000000000000000000e+00 2.617993877991494411e+00
0.000000000000000000e+00 3.141592653589793116e+00
0.000000000000000000e+00 3.665191429188091821e+00
0.000000000000000000e+00 4.188790204786390525e+00
1.513463817536830902e-02 4.712388980384689674e+00
6.283172130584716797e+00 5.235987755982988823e+00
9.239360690116882324e-03 5.759586531581287083e+00
