2.655400931835174561e-01 -9.957554191350936890e-02 -3.146232882459510955e-03 1.250034090607491689e-03
2.724250853061676025e-01 -1.011017039418220520e-01 -2.307487013834764924e-03 1.044484956394964997e-05
2.725270390510559082e-01 -9.328227490186691284e-02 -1.727403111552344803e-03 -3.055614768464168067e-03
2.799982428550720215e-01 -7.587338984012603760e-02 -2.901762077774657812e-03 -4.498894214438724400e-03
-1.266379803419113159e-01 -2.175812870264053345e-01 -4.831985851508082373e-03 -1.241713448169316954e-03
-6.839174032211303711e-02 -2.233097702264785767e-01 -4.479047404748241756e-03 4.862204529930754839e-03
8.470072597265243530e-02 -6.887848377227783203e-01 1.749524123542567366e-03 7.553413860406045163e-04
-5.899180769920349121e-01 -9.372621178627014160e-01 1.716019357293060640e-04 1.815757074428891310e-03
-5.120034813880920410e-01 -8.021242618560791016e-01 2.660222039836594374e-03 3.588814761211161879e-03
-6.181434392929077148e-01 -4.639962613582611084e-01 8.838438831418786792e-04 2.813272354597274628e-03
4.696425795555114746e-01 4.712320491671562195e-02 4.407889544812419909e-03 2.973681174472843879e-03
2.316997945308685303e-01 1.013147011399269104e-01 7.829017395638779298e-04 3.682749353822672468e-03
5.511777400970458984e-01 2.325886636972427368e-01 -3.301939041739938158e-05 -2.634057439260493409e-03
3.871181607246398926e-01 3.366009593009948730e-01 -1.955209984821182356e-03 2.232221292323732439e-03
5.367482304573059082e-01 5.695375204086303711e-01 -3.029428045546005577e-03 -4.774068435589935884e-03
4.893009066581726074e-01 1.954243481159210205e-01 2.259187368291282194e-03 -4.021211537257556382e-03
2.699114084243774414e-01 -6.195850968360900879e-01 3.308360750461469650e-03 -1.251733972008808177e-04
8.627240359783172607e-02 -6.193266436457633972e-02 -1.454613913305634679e-03 2.083798764797984045e-03
-5.198079347610473633e-01 -9.615507721900939941e-01 -3.681196303517497888e-03 2.115777810898286128e-03
3.311892151832580566e-01 -8.033202886581420898e-01 4.316750700992418033e-04 -1.766322825335620017e-04
5.957411527633666992e-01 -6.876200437545776367e-02 -2.267537843354823068e-03 -2.694682659789972984e-03
6.883274763822555542e-02 1.435800641775131226e-02 -2.268866888792308006e-03 3.227916781667874470e-03
-2.790447175502777100e-01 -3.411106765270233154e-01 2.489363192318845390e-03 -1.596068198125162509e-03
3.602905273437500000e-01 -1.951508074998855591e-01 2.358389951122745465e-03 -8.584849686907869426e-04
7.024117559194564819e-02 -6.961113214492797852e-01 -3.456628930154946773e-03 -4.497387701795996576e-04
5.295920744538307190e-02 -1.382852494716644287e-01 -2.081328030915341378e-03 -4.693837165765648786e-04
4.518811404705047607e-01 -3.365024328231811523e-01 4.641740728141951350e-05 -4.982570312304959205e-03
4.753336012363433838e-01 -2.171318233013153076e-01 -3.548958438952427852e-05 4.256749094429469228e-03
-1.153581868857145309e-02 -4.999345541000366211e-01 -1.832425485230127285e-04 -9.136177681717530183e-04
8.819876238703727722e-03 -3.309597373008728027e-01 -3.112732844829632466e-03 2.955935367745138841e-03
9.596621245145797729e-02 -9.569075107574462891e-01 -2.657992407114565664e-03 -9.331238890342846704e-05
4.622597694396972656e-01 3.597899526357650757e-02 8.149611470868491081e-04 3.732457024152826229e-03
3.661576807498931885e-01 -4.007464349269866943e-01 3.764625546494007775e-03 1.443613598542867887e-03
-7.413607835769653320e-02 -2.348261475563049316e-01 -4.196666392536151091e-03 -3.415548514865441969e-03
-1.306656301021575928e-01 -2.786422371864318848e-01 4.969109187695257106e-03 -2.546728599378510639e-03
5.100127458572387695e-01 5.213002488017082214e-02 -4.504196916903203778e-03 3.890830613322481847e-03
4.900470077991485596e-01 2.322919368743896484e-01 1.178901415061738012e-03 1.788280371256595509e-03
-6.752879023551940918e-01 -9.387177824974060059e-01 -1.623955711635249703e-03 -4.056222041128375831e-03
2.494355291128158569e-01 -8.575733900070190430e-01 -4.085501516247781566e-03 4.488754757253610693e-03
-5.004757046699523926e-01 -4.728124141693115234e-01 3.073635666438315033e-03 2.163270301852808497e-03
3.612577617168426514e-01 1.855930238962173462e-01 -1.753977662711475420e-03 -4.973364899587088064e-03
1.248999834060668945e-01 -8.485484719276428223e-01 -3.581458354652028268e-03 3.586239288870651971e-03
-5.014153122901916504e-01 -3.275543749332427979e-01 -2.650330711817323621e-03 2.638750615572996693e-03
5.609185695648193359e-01 2.532940208911895752e-01 -3.792631552281008553e-03 2.050600290443774579e-03
-5.079901590943336487e-02 -9.712975025177001953e-01 -4.957175550279957314e-03 1.234573195541735675e-03
-3.051164746284484863e-01 -2.116001397371292114e-01 1.079229815166283558e-03 1.738539884865926942e-03
-1.190253254026174545e-02 -9.763468056917190552e-02 -3.958529310471292466e-03 -4.843334709754909713e-03
-2.513985633850097656e-01 -4.075996577739715576e-01 -1.543120258369870025e-03 -2.639542704716077090e-03
-6.796695590019226074e-01 -5.550803542137145996e-01 1.652597347043295584e-03 3.729774142805859956e-03
3.429124951362609863e-01 2.802328765392303467e-01 -1.984669860974515310e-04 -6.701660517968591538e-04
-6.824650168418884277e-01 -9.753086566925048828e-01 -3.376039570515218351e-03 4.823442319031445193e-03
1.795935183763504028e-01 -6.093883514404296875e-01 1.338476461967933427e-03 2.323370289716356757e-03
5.393971800804138184e-01 2.082830071449279785e-01 -4.179730730502042094e-04 4.129943399688379251e-03
3.870820701122283936e-01 -3.056051731109619141e-01 -1.708893015662287396e-03 -4.421667386012993924e-03
-3.336925208568572998e-01 -4.158343970775604248e-01 -1.376066987682288394e-03 4.615094623718442486e-03
4.116084873676300049e-01 2.743721902370452881e-01 4.176573302850470661e-03 1.731105097470000097e-03
4.308840632438659668e-01 -7.572479546070098877e-02 4.520305163556621875e-05 -2.265001948107988813e-03
-2.523468248546123505e-02 -9.366684556007385254e-01 7.585997708051215455e-04 -3.242976190864907057e-03
2.393649816513061523e-01 -2.275995016098022461e-01 -5.280426684743273757e-04 -4.610314065591591959e-03
5.168699622154235840e-01 1.660809963941574097e-01 -4.323129324591641100e-03 4.430185482283527897e-03
2.982977628707885742e-01 -5.923615097999572754e-01 -1.297874206568593470e-03 -1.051895594676661820e-03
2.288152128458023071e-01 -7.484970092773437500e-01 -9.041587039397740513e-04 -3.029426181578340899e-03
9.262035787105560303e-02 -9.502785205841064453e-01 1.073825990160724719e-03 -6.476451123879510205e-04
-5.351348519325256348e-01 -2.803578376770019531e-01 2.209440848121230379e-03 -9.246696625195560681e-04
2.457165420055389404e-01 -4.956273436546325684e-01 -4.546374105560636349e-03 -3.352805817364865396e-03
9.705606102943420410e-02 -7.055252790451049805e-01 -1.012273461577948772e-04 -4.352866824610778472e-03
4.275258481502532959e-01 -3.510269820690155029e-01 3.639254288359668361e-03 1.621733990316132253e-03
4.953683912754058838e-01 -2.981687486171722412e-01 -2.302420459527254257e-04 -2.707562478931132763e-03
-6.059079170227050781e-01 -9.400025606155395508e-01 2.809522190980495368e-03 -1.097259712519697058e-03
1.570002138614654541e-01 -9.162945747375488281e-01 -9.455633250712901575e-04 -4.353049477469625797e-04
5.186072587966918945e-01 1.754886806011199951e-01 -1.856878276365989729e-03 4.483824976641588751e-03
2.623633742332458496e-01 -6.984830498695373535e-01 -5.821056614212661434e-04 -1.054797200734588353e-03
4.992233514785766602e-01 -3.544155955314636230e-01 -3.897461255145718857e-03 -4.344368042496243865e-03
1.897471398115158081e-01 -3.043183088302612305e-01 9.357435240629078180e-04 -1.304171964235375375e-03
1.545688211917877197e-01 -3.193733990192413330e-01 2.476592472169081294e-03 2.556644605702809367e-03
2.660367190837860107e-01 -4.226623475551605225e-01 7.764940867661983617e-04 -1.121436272511362395e-03
-5.711718797683715820e-01 -9.616931676864624023e-01 1.992568640832506101e-03 -1.206413544460779343e-03
4.023156166076660156e-01 -4.180244505405426025e-01 -2.933115521356076828e-03 -3.636689482879502684e-03
5.223965048789978027e-01 2.410188913345336914e-01 2.442798256782905200e-03 -1.064967360080765549e-03
3.959881067276000977e-01 -4.345985054969787598e-01 -9.546734775577707388e-04 1.014875009243938232e-03
4.504026472568511963e-01 -4.042248427867889404e-01 -3.372599008488727079e-03 -3.696345535160399254e-03
-2.151886820793151855e-01 -9.017149209976196289e-01 -4.877027468764968607e-04 4.841045975249713001e-04
4.575101733207702637e-01 -3.753055632114410400e-01 -1.280596514155068946e-03 1.258935529798145547e-03
1.231795474886894226e-01 -1.265330910682678223e-01 2.517565465637472411e-03 3.642335296863061060e-03
-4.291891455650329590e-01 -9.302735328674316406e-01 -2.150035165270948196e-03 -1.779448421630354209e-03
2.010753750801086426e-01 -1.582211852073669434e-01 -2.637212652557638891e-03 4.199560092809101301e-03
7.939422130584716797e-02 -3.170701116323471069e-02 3.038063052793696199e-03 2.048120573594793686e-03
5.740539431571960449e-01 2.329912036657333374e-01 -1.384644451764459588e-03 -3.234467126751950933e-03
1.333652287721633911e-01 -5.541960000991821289e-01 -1.601125256840378944e-03 7.898576126240241385e-04
-8.398221433162689209e-02 -1.579585522413253784e-01 -1.575347229086294584e-03 4.958388189062784730e-03
5.526654124259948730e-01 2.094328850507736206e-01 -2.995899627403978381e-03 -4.322476040945853921e-03
1.429051160812377930e-01 -7.489513754844665527e-01 3.707224205419819459e-03 -1.170750107285272162e-03
-1.539832330308854580e-03 -8.713059872388839722e-02 -4.829740412524509245e-03 3.893428837603290539e-03
1.622188985347747803e-01 -4.056148529052734375e-01 6.947251489235282268e-05 3.522533048537371606e-04
-3.418874442577362061e-01 -9.469528794288635254e-01 4.951637239378386089e-03 4.773760453979573708e-03
5.530837774276733398e-01 -3.552860319614410400e-01 3.475977635468215261e-03 -1.118828782619340090e-03
-6.260008811950683594e-01 -4.642316699028015137e-01 -2.588709857672191750e-04 -4.100396488400234393e-04
2.719201147556304932e-01 -1.227303817868232727e-01 -7.000382286381388527e-04 -1.884281324325874987e-03
5.001033544540405273e-01 9.354386925697326660e-01 -9.923394460202893466e-04 -2.882761233856217121e-03
4.922710359096527100e-01 -4.324894547462463379e-01 4.786509943644789468e-03 -3.827718649346084634e-03
