3.078623414039611816e-01 3.003029823303222656e-01 -6.696060190135473544e-04 -2.340104538811116353e-03
3.010825216770172119e-01 2.880499660968780518e-01 3.103724330970105034e-03 8.720526542937449485e-04
3.044333159923553467e-01 2.962473332881927490e-01 -4.223009303400649880e-03 1.476672551183220647e-04
3.078040182590484619e-01 2.926239371299743652e-01 4.674658715235637148e-03 -1.772471227562014660e-03
2.106655538082122803e-01 4.643023014068603516e-03 2.739512980811168764e-03 9.957751798655182715e-04
6.990209817886352539e-01 4.542355835437774658e-01 1.090425645978012302e-03 -1.539126001620392224e-03
-2.433249652385711670e-01 -3.109255619347095490e-02 -3.238477971650265477e-03 -1.406706222782594211e-03
8.096281886100769043e-01 1.727579683065414429e-01 2.227389797422532278e-03 -3.181633884878801860e-03
6.326974034309387207e-01 4.477269351482391357e-01 1.756792024777037269e-03 -8.810630804945021946e-04
4.663486480712890625e-01 1.786483824253082275e-01 2.681654913927938866e-03 -1.351550046574427014e-03
-1.773123592138290405e-01 2.641649357974529266e-02 4.025506138865905630e-03 -3.478395075659162106e-03
5.796601772308349609e-01 -6.770004332065582275e-02 1.655193206911101216e-03 2.095057018288949344e-03
5.430562496185302734e-01 2.549276351928710938e-01 -3.367880016279713000e-03 -2.398307144127215934e-05
6.340236663818359375e-01 1.784417629241943359e-01 3.964999612895320734e-03 2.386757724423487978e-03
7.215304970741271973e-01 -1.243047639727592468e-01 -2.233636599095041152e-03 -4.515773633293806121e-03
5.521366000175476074e-01 6.352343559265136719e-01 1.752980395425349919e-03 2.070163913292710420e-03
-1.685920655727386475e-01 8.166705071926116943e-02 4.026691090150739082e-03 4.500545159490896945e-03
8.196520805358886719e-01 6.600220203399658203e-01 1.619807411135666328e-03 2.094126749784635394e-03
-4.089071974158287048e-02 -3.680566251277923584e-01 -2.448526645785237266e-03 1.787897807303095998e-03
5.509189367294311523e-01 6.732182502746582031e-01 -3.460569173455888686e-03 1.039543821993423392e-04
8.425104618072509766e-01 8.906626105308532715e-01 -3.478619353088777469e-03 2.098037852279373457e-03
5.305072665214538574e-01 6.364162564277648926e-01 3.655170212992680905e-03 1.532374005476054915e-03
-9.821926057338714600e-02 4.963917136192321777e-01 -2.522442107317250312e-04 -4.402752003933984443e-03
-1.925078928470611572e-01 3.712731227278709412e-02 -4.301252290907858766e-03 2.977191512902152733e-03
-2.185608297586441040e-01 2.807926237583160400e-01 -4.248372259128350981e-03 2.159243034543152119e-03
7.412338852882385254e-01 5.007256269454956055e-01 4.567872393153495601e-03 2.130512617030499815e-03
1.762658208608627319e-01 -3.762215971946716309e-01 3.667876929994057060e-03 -3.949132681844601776e-03
-3.911561965942382812e-01 -7.772676348686218262e-01 1.036758846422229652e-03 4.302308596074445358e-03
-3.231241405010223389e-01 -3.853276669979095459e-01 3.462919458164482982e-03 4.749754375888736065e-03
8.875503540039062500e-01 6.417216062545776367e-01 4.737923508068875821e-03 4.579743897170525206e-03
6.632991433143615723e-01 -2.360873818397521973e-01 4.452404673836785932e-03 3.502389351671217170e-03
4.671761691570281982e-01 9.014753699302673340e-01 -2.775504840055270823e-03 1.836751805900352710e-03
8.386248946189880371e-01 9.323403239250183105e-01 -3.170176935244958111e-03 -2.763207461967880346e-03
9.763799309730529785e-01 9.481113553047180176e-01 -4.098152957042745272e-03 3.279273182850134423e-03
9.292528629302978516e-01 8.744925856590270996e-01 -2.155014288994467047e-03 -3.728677038069287859e-03
-1.425572484731674194e-01 5.580967664718627930e-01 -1.964646193819797899e-03 -2.820934573487593553e-03
-1.615110933780670166e-01 -2.084258794784545898e-01 2.380664609186482726e-03 -4.986214831891645945e-03
-3.733864724636077881e-01 -6.118618845939636230e-01 1.339078332054580503e-03 -3.378754370348470079e-03
-9.322123974561691284e-02 -2.689191699028015137e-01 -4.833196257110494894e-03 1.442538627507934657e-03
-5.795548111200332642e-02 -1.797143369913101196e-01 -4.070814785373299237e-03 -1.339429472552824615e-03
5.663183927536010742e-01 -3.787145018577575684e-01 4.412841891710694679e-03 -4.817911173105201422e-03
4.760689139366149902e-01 -2.051095813512802124e-01 9.331290796427728351e-04 4.311832926670539599e-03
-4.015696346759796143e-01 -7.954393625259399414e-01 4.715277538160076755e-03 -2.243501131107242860e-03
-2.655777335166931152e-01 -4.320069774985313416e-02 1.518213583551478868e-03 1.294404575392593681e-03
7.110257148742675781e-01 -4.924501180648803711e-01 -4.936255018477402404e-03 -2.792560460102760066e-03
4.662180244922637939e-01 8.968899846076965332e-01 3.685377851536203626e-03 -4.195360852097119835e-03
7.864012122154235840e-01 9.478652477264404297e-02 -4.572075798902587411e-03 -4.994633797970524786e-03
5.448076128959655762e-01 5.178362727165222168e-01 -4.822405979657831514e-03 4.466820458838114023e-03
-3.385848701000213623e-01 -3.894483149051666260e-01 -1.880716313951196362e-03 3.066150668878308769e-04
6.876594424247741699e-01 -2.405723929405212402e-01 -4.521568392515874953e-03 -4.196357499223617692e-03
-3.144846260547637939e-01 -5.967962145805358887e-01 6.852133815388149196e-04 -7.848122131697259779e-05
-5.034359097480773926e-01 -4.384334683418273926e-01 -8.574586297423712755e-06 1.750937017587637229e-03
2.293155528604984283e-02 2.547823786735534668e-01 -1.847177463759035708e-03 -4.045560299248101253e-03
-3.497189581394195557e-01 -4.469680488109588623e-01 -3.639002215034683324e-03 -1.312652362894739522e-03
4.255168735980987549e-01 3.550524413585662842e-01 4.133635377513831914e-03 4.396944622164750995e-03
3.016235232353210449e-01 6.971719264984130859e-01 -2.663701199362693544e-03 3.017137811502450771e-03
-5.558212846517562866e-02 -2.724253237247467041e-01 -4.410692960377149245e-03 1.098054667602633983e-05
-2.464322149753570557e-01 -2.414445765316486359e-02 -4.338059799411229933e-03 8.908378453005858302e-04
9.074007868766784668e-01 9.327622056007385254e-01 -2.811502132263921181e-03 -9.113341565927602153e-04
-1.152256056666374207e-01 7.346050143241882324e-01 -3.908097303592373596e-03 -2.016737284445277011e-03
-3.235185742378234863e-01 -1.688339561223983765e-01 -1.082717808712068200e-03 3.469624750557357730e-03
-3.337211012840270996e-01 -2.435605674982070923e-01 2.917173256477255568e-03 1.338846952157139031e-03
-8.651372045278549194e-02 7.439759373664855957e-02 2.811491885203896458e-03 8.429966308888276610e-05
-2.914105057716369629e-01 -7.583130896091461182e-02 3.178028170562141944e-04 1.171794077346106390e-03
3.692819550633430481e-02 7.589427232742309570e-01 1.156399578082580731e-03 -1.184855944144202339e-04
6.608421802520751953e-01 4.699392020702362061e-01 3.896464206324047781e-03 1.746452493619944299e-03
6.730377078056335449e-01 3.433242142200469971e-01 -4.220682223913168295e-03 -4.546667795426688821e-03
3.664432466030120850e-01 5.245991349220275879e-01 -2.037469263605750161e-03 -2.744428457941171674e-03
4.945208430290222168e-01 2.896283566951751709e-01 3.106031293860399105e-03 4.055910126626949622e-04
7.822651267051696777e-01 5.528120398521423340e-01 -2.260023130123259717e-03 4.437609841823809791e-03
-3.704003393650054932e-01 -4.041618108749389648e-01 -2.442620165987608154e-03 3.109034843248473755e-03
-4.265677183866500854e-02 -1.357721537351608276e-01 -2.498446442074954421e-04 3.397711407721955464e-03
6.856960654258728027e-01 3.743571043014526367e-01 1.011227062646835595e-03 2.164187436352778271e-03
-2.087264508008956909e-01 2.012812197208404541e-01 -3.647006365062497105e-03 2.840089431684986003e-03
-1.126026138663291931e-01 6.873253583908081055e-01 -2.810575067095928258e-03 -1.389183870529827475e-03
2.022094130516052246e-01 8.005721569061279297e-01 1.983469054604784093e-03 4.623871068412616601e-03
4.631300866603851318e-01 6.856810450553894043e-01 2.906989424548519184e-03 1.617314602218316785e-03
-3.096263110637664795e-01 1.740603893995285034e-02 4.419424828919532762e-03 1.388903125166379357e-03
-1.418005526065826416e-01 1.308146957308053970e-02 1.999246583525905209e-03 -3.576691547341724793e-03
5.769985914230346680e-01 8.755943179130554199e-01 2.032702025982192906e-03 1.351777497152108730e-03
6.753475069999694824e-01 5.248919725418090820e-01 -2.120107764206419481e-03 4.265385694236070550e-03
8.590813875198364258e-01 5.118244290351867676e-01 -1.323676111342009590e-04 1.937463553433769678e-04
5.200485587120056152e-01 -2.441936731338500977e-01 -4.684010092799784086e-03 3.832796421243628814e-03
5.815890431404113770e-01 5.028486847877502441e-01 4.867137811662275264e-03 -1.027217070626340253e-03
-1.403924375772476196e-01 4.953078925609588623e-01 -7.664920382516636835e-04 -4.580251297687890424e-03
3.324958384037017822e-01 3.817089200019836426e-01 3.444226144855810391e-03 3.844297076431441897e-03
-4.672089219093322754e-01 -9.247820377349853516e-01 -1.916882000530038214e-03 -3.911665265111802237e-03
8.430564403533935547e-01 2.472532093524932861e-01 -1.154848073060868972e-03 1.092944534046261414e-03
1.065569370985031128e-01 -4.190781116485595703e-01 -3.637112398603150991e-03 1.828870887798947874e-03
7.708217501640319824e-01 8.105710744857788086e-01 -3.700743908875989488e-03 3.458864869222527151e-03
-6.401713937520980835e-02 -2.904946208000183105e-01 -2.531315407727672499e-03 -2.503629797331027428e-03
1.156733855605125427e-01 4.422550499439239502e-01 5.133856180262854133e-04 2.652477814154576528e-03
-2.351651191711425781e-01 2.231062948703765869e-01 3.777343320190372326e-03 7.833838149693883243e-04
-2.940863072872161865e-01 -3.146719038486480713e-01 2.620607709339577152e-03 3.122676452625597170e-03
-1.034576222300529480e-01 -1.187366172671318054e-01 -8.224522554469001698e-04 1.807110489677975912e-03
3.507226109504699707e-01 7.442476749420166016e-01 2.584750835349572742e-03 3.267865160924482947e-03
7.628821730613708496e-01 4.320665299892425537e-01 -1.918628453600016402e-03 2.106498622639427047e-03
6.417865157127380371e-01 7.137829661369323730e-01 4.730956702586931913e-03 1.971836093616241743e-03
1.485404819250106812e-01 5.565132498741149902e-01 -2.644706134003914876e-03 4.408366156830256614e-03
6.752132773399353027e-01 7.823790907859802246e-01 2.470524083449362855e-03 -4.225174241969167736e-03
