-1.999999642372131348e+00 -4.403726044910528589e-03
-1.489030361175537109e+00 2.835077052022264184e-03
1.080114006996154785e+00 3.946429785659155351e-04
-1.997298359870910645e+00 -2.084587252027926465e-03
-2.000000000000000000e+00 4.257534000035242960e-04
1.232901692390441895e+00 -2.275868542159055832e-04
-1.999982118606567383e+00 2.133947017842410462e-03
-2.000000000000000000e+00 -2.921369461417062594e-03
-1.974829435348510742e+00 9.322097113238355867e-04
-2.000000000000000000e+00 -1.873647956967513031e-04
8.956856131553649902e-01 -1.308726357090827901e-03
-2.000000000000000000e+00 -3.341659594359824674e-03
1.023627758026123047e+00 4.132472789137670889e-03
-1.999999284744262695e+00 2.599749872353916691e-03
-2.000000000000000000e+00 2.481294210594311295e-03
-2.000000000000000000e+00 1.974298644683708526e-05
1.259600520133972168e+00 1.317173706593679876e-03
1.120258569717407227e+00 -4.235411685777189933e-04
1.357634544372558594e+00 -3.725694820017638742e-03
-2.000000000000000000e+00 3.394905132797487561e-03
3.876709565520286560e-02 6.098615365590000920e-04
-1.999983668327331543e+00 3.541735957726111807e-03
-2.000000000000000000e+00 -1.206882042682839735e-03
1.641127347946166992e+00 3.681055633724015889e-03
1.729843914508819580e-01 4.778127855704568903e-03
1.255962252616882324e+00 4.076322206310187095e-03
-2.000000000000000000e+00 -1.418115666310097982e-03
1.654989719390869141e+00 -3.628753253138259673e-03
1.118090987205505371e+00 6.308978568305614182e-04
1.307582139968872070e+00 6.151706481505505447e-04
-2.000000000000000000e+00 1.041236066946156155e-03
-2.000000000000000000e+00 -4.399448306709935475e-03
4.198615252971649170e-02 -1.892390968576517472e-03
-1.919648408889770508e+00 2.283505458168339115e-03
-1.994600176811218262e+00 -1.919424822387835218e-03
-2.000000000000000000e+00 1.229185648175832278e-03
-2.000000000000000000e+00 -1.325630021304212685e-03
1.261752605438232422e+00 -3.565089941502467587e-03
-2.000000000000000000e+00 1.305560669880840782e-03
-8.409613966941833496e-01 2.956440915221738956e-03
-2.000000000000000000e+00 1.817464130537138796e-03
-2.000000000000000000e+00 2.304677320010724284e-04
9.514262080192565918e-01 2.400765170338076127e-03
1.496598362922668457e+00 -2.209285631588663382e-03
1.295622110366821289e+00 -9.646409869576684851e-04
7.201832532882690430e-01 2.565954807135816147e-03
1.267998099327087402e+00 2.705202992315993565e-03
-2.000000000000000000e+00 -1.918355612271546023e-04
-2.000000000000000000e+00 4.314973279651696490e-03
1.436256885528564453e+00 -2.147314926778865016e-03
1.465464591979980469e+00 1.615601379624584735e-03
-2.000000000000000000e+00 -2.902420181914808911e-04
1.103750705718994141e+00 1.502652522041580258e-03
-2.000000000000000000e+00 4.176026130871411148e-03
4.702109992504119873e-01 3.633174337323854912e-03
-2.000000000000000000e+00 1.529924284890109981e-03
-7.597249746322631836e-01 3.747936042363619012e-03
1.200192332267761230e+00 -7.195244107049093493e-04
1.177234530448913574e+00 -4.782636232027513354e-03
-3.109435141086578369e-01 -4.191435443830980948e-03
1.317893147468566895e+00 1.781972612251193910e-04
-2.000000000000000000e+00 3.668857410684099769e-03
-2.000000000000000000e+00 -3.070290949390909463e-03
-2.000000000000000000e+00 3.363613938429886423e-03
-2.000000000000000000e+00 2.689753815239039059e-05
1.683795452117919922e+00 9.076801713606176547e-04
-2.000000000000000000e+00 -4.483548861206967245e-03
1.546422839164733887e+00 -1.734139844833912890e-03
-2.000000000000000000e+00 4.907649388326155125e-03
-1.959955692291259766e+00 -3.962553176746204213e-03
-2.000000000000000000e+00 -4.248840475518525853e-04
-2.000000000000000000e+00 -3.930533868513594320e-03
9.753109812736511230e-01 2.347215597876558743e-03
-2.000000000000000000e+00 2.944169399461549728e-03
-2.000000000000000000e+00 -3.737198582943146614e-03
-2.000000000000000000e+00 3.314423971194187073e-03
1.329959154129028320e+00 1.585435067471754368e-03
1.513868927955627441e+00 7.721522148607133304e-04
-2.000000000000000000e+00 4.269911150867731868e-03
1.160906791687011719e+00 -6.013166019238598906e-04
1.001705050468444824e+00 -3.896388549897961129e-03
-1.951323628425598145e+00 -2.978000826741020873e-03
1.169914841651916504e+00 1.587371210293733563e-03
-2.000000000000000000e+00 1.891064828539928966e-03
-2.000000000000000000e+00 1.544569175246105798e-03
-2.000000000000000000e+00 9.801080770068630599e-04
1.193901181221008301e+00 -4.411884898610551019e-03
8.913579583168029785e-01 3.414912982346738658e-03
-5.113733187317848206e-02 4.876771266785056951e-03
-9.754256010055541992e-01 -1.981334815426439439e-04
-2.000000000000000000e+00 2.969023428080596466e-04
1.251836895942687988e+00 -2.007244360818356572e-03
1.304104685783386230e+00 3.870237356315927614e-03
-2.000000000000000000e+00 4.692768089993471815e-03
-1.913920879364013672e+00 3.079613364342055799e-03
-2.000000000000000000e+00 1.665021671840511211e-03
1.200833678245544434e+00 -2.575652211341085147e-03
1.138569116592407227e+00 -3.750446350311199481e-03
1.189434289932250977e+00 3.972168365980880030e-03
7.000074982643127441e-01 -1.306650876136623667e-03
