3.374605253338813782e-02 0.000000000000000000e+00
0.000000000000000000e+00 5.235987755982988157e-01
0.000000000000000000e+00 1.047197551196597631e+00
0.000000000000000000e+00 1.570796326794896558e+00
1.414661407470703125e-01 2.094395102393195263e+00
3.626053094863891602e+00 2.617993877991494411e+00
1.685764989815652370e-03 3.141592653589793116e+00
1.600903374310291838e-06 3.665191429188091821e+00
9.901226576403132640e-07 4.188790204786390525e+00
0.000000000000000000e+00 4.712388980384689674e+00
1.154103130102157593e-01 5.235987755982988823e+00
5.064674854278564453e+00 5.759586531581287083e+00
6.007644161581993103e-02 0.000000000000000000e+00
4.745489150081994012e-06 5.235987755982988157e-01
0.000000000000000000e+00 1.047197551196597631e+00
0.000000000000000000e+00 1.570796326794896558e+00
1.076193228363990784e-01 2.094395102393195263e+00
5.653922080993652344e+00 2.617993877991494411e+00
4.248331533744931221e-04 3.141592653589793116e+00
4.714810870609653648e-07 3.665191429188091821e+00
1.201670215777994599e-06 4.188790204786390525e+00
0.000000000000000000e+00 4.712388980384689674e+00
1.050063520669937134e-01 5.235987755982988823e+00
5.176576137542724609e+00 5.759586531581287083e+00
6.948921829462051392e-02 0.000000000000000000e+00
8.951961717684753239e-06 5.235987755982988157e-01
1.570079319890282932e-07 1.047197551196597631e+00
0.000000000000000000e+00 1.570796326794896558e+00
1.431619524955749512e-01 2.094395102393195263e+00
4.673907279968261719e+00 2.617993877991494411e+00
3.339722461532801390e-04 3.141592653589793116e+00
5.705400099031976424e-07 3.665191429188091821e+00
1.402240400238952134e-06 4.188790204786390525e+00
0.000000000000000000e+00 4.712388980384689674e+00
1.078411266207695007e-01 5.235987755982988823e+00
5.272956848144531250e+00 5.759586531581287083e+00
3.197882324457168579e-02 0.000000000000000000e+00
8.900316061044577509e-06 5.235987755982988157e-01
0.000000000000000000e+00 1.047197551196597631e+00
0.000000000000000000e+00 1.570796326794896558e+00
1.602594554424285889e-01 2.094395102393195263e+00
1.717624306678771973e+00 2.617993877991494411e+00
1.429230789653956890e-03 3.141592653589793116e+00
5.927530537519487552e-07 3.665191429188091821e+00
1.861232590272265952e-06 4.188790204786390525e+00
0.000000000000000000e+00 4.712388980384689674e+00
1.201436594128608704e-01 5.235987755982988823e+00
4.880187034606933594e+00 5.759586531581287083e+00
3.682819008827209473e-02 0.000000000000000000e+00
7.538360023318091407e-06 5.235987755982988157e-01
0.000000000000000000e+00 1.047197551196597631e+00
0.000000000000000000e+00 1.570796326794896558e+00
2.564691305160522461e-01 2.094395102393195263e+00
5.139897346496582031e+00 2.617993877991494411e+00
5.601642187684774399e-04 3.141592653589793116e+00
1.366139940728317015e-06 3.665191429188091821e+00
2.125776745742768981e-06 4.188790204786390525e+00
0.000000000000000000e+00 4.712388980384689674e+00
1.198804751038551331e-01 5.235987755982988823e+00
4.744144916534423828e+00 5.759586531581287083e+00
6.017205119132995605e-02 0.000000000000000000e+00
9.965445315174292773e-06 5.235987755982988157e-01
0.000000000000000000e+00 1.047197551196597631e+00
0.000000000000000000e+00 1.570796326794896558e+00
7.287245988845825195e-02 2.094395102393195263e+00
5.262079715728759766e+00 2.617993877991494411e+00
5.154329119250178337e-04 3.141592653589793116e+00
1.273907173526822589e-06 3.665191429188091821e+00
1.063437593984417617e-06 4.188790204786390525e+00
0.000000000000000000e+00 4.712388980384689674e+00
1.691089272499084473e-01 5.235987755982988823e+00
5.269800662994384766e+00 5.759586531581287083e+00
3.719700500369071960e-02 0.000000000000000000e+00
1.240284291270654649e-05 5.235987755982988157e-01
2.733734731918957550e-07 1.047197551196597631e+00
0.000000000000000000e+00 1.570796326794896558e+00
1.262433230876922607e-01 2.094395102393195263e+00
5.688152313232421875e+00 2.617993877991494411e+00
6.186072714626789093e-04 3.141592653589793116e+00
4.672840248076681746e-07 3.665191429188091821e+00
1.090102500711509492e-06 4.188790204786390525e+00
0.000000000000000000e+00 4.712388980384689674e+00
1.758548021316528320e-01 5.235987755982988823e+00
4.702920436859130859e+00 5.759586531581287083e+00
3.088330663740634918e-02 0.000000000000000000e+00
5.441233042802195996e-06 5.235987755982988157e-01
0.000000000000000000e+00 1.047197551196597631e+00
0.000000000000000000e+00 1.570796326794896558e+00
1.076855659484863281e-01 2.094395102393195263e+00
5.204209327697753906e+00 2.617993877991494411e+00
7.434425060637295246e-04 3.141592653589793116e+00
8.199939998121408280e-07 3.665191429188091821e+00
1.779108060873113573e-06 4.188790204786390525e+00
0.000000000000000000e+00 4.712388980384689674e+00
1.226749420166015625e-01 5.235987755982988823e+00
4.907261848449707031e+00 5.759586531581287083e+00
1.171700283885002136e-02 0.000000000000000000e+00
7.013522917986847460e-06 5.235987755982988157e-01
1.891079648430604720e-07 1.047197551196597631e+00
0.000000000000000000e+00 1.570796326794896558e+00
3.597508668899536133e-01 2.094395102393195263e+00
4.509460449218750000e+00 2.617993877991494411e+00
2.738227485679090023e-04 3.141592653589793116e+00
2.558181904532830231e-06 3.665191429188091821e+00
2.740890295171993785e-06 4.188790204786390525e+00
0.000000000000000000e+00 4.712388980384689674e+00
1.760144680738449097e-01 5.235987755982988823e+00
5.143586158752441406e+00 5.759586531581287083e+00
3.628166764974594116e-02 0.000000000000000000e+00
5.733997568313498050e-06 5.235987755982988157e-01
2.729644563714828109e-07 1.047197551196597631e+00
0.000000000000000000e+00 1.570796326794896558e+00
3.337165117263793945e-01 2.094395102393195263e+00
5.021382331848144531e+00 2.617993877991494411e+00
6.956575089134275913e-04 3.141592653589793116e+00
9.699613201519241557e-07 3.665191429188091821e+00
1.289180545427370816e-06 4.188790204786390525e+00
0.000000000000000000e+00 4.712388980384689674e+00
1.968233883380889893e-01 5.235987755982988823e+00
4.780236721038818359e+00 5.759586531581287083e+00
