2.824913978576660156e+00 0.000000000000000000e+00
2.824913978576660156e+00 5.235987755982988157e-01
2.824913978576660156e+00 1.047197551196597631e+00
2.824913978576660156e+00 1.570796326794896558e+00
6.283108234405517578e+00 2.094395102393195263e+00
6.283185482025146484e+00 2.617993877991494411e+00
0.000000000000000000e+00 3.141592653589793116e+00
6.283185482025146484e+00 3.665191429188091821e+00
0.000000000000000000e+00 4.188790204786390525e+00
6.283176422119140625e+00 4.712388980384689674e+00
6.283185482025146484e+00 5.235987755982988823e+00
6.283185482025146484e+00 5.759586531581287083e+00
6.283185482025146484e+00 0.000000000000000000e+00
6.283185482025146484e+00 5.235987755982988157e-01
0.000000000000000000e+00 1.047197551196597631e+00
6.283185482025146484e+00 1.570796326794896558e+00
6.283185482025146484e+00 2.094395102393195263e+00
6.283185482025146484e+00 2.617993877991494411e+00
0.000000000000000000e+00 3.141592653589793116e+00
6.283185482025146484e+00 3.665191429188091821e+00
6.283185482025146484e+00 4.188790204786390525e+00
6.283185482025146484e+00 4.712388980384689674e+00
0.000000000000000000e+00 5.235987755982988823e+00
6.283170700073242188e+00 5.759586531581287083e+00
0.000000000000000000e+00 0.000000000000000000e+00
6.283185482025146484e+00 5.235987755982988157e-01
0.000000000000000000e+00 1.047197551196597631e+00
6.283184051513671875e+00 1.570796326794896558e+00
6.283185482025146484e+00 2.094395102393195263e+00
6.283185482025146484e+00 2.617993877991494411e+00
0.000000000000000000e+00 3.141592653589793116e+00
6.283185482025146484e+00 3.665191429188091821e+00
6.283185482025146484e+00 4.188790204786390525e+00
6.283185482025146484e+00 4.712388980384689674e+00
3.172365427017211914e-01 5.235987755982988823e+00
6.282249450683593750e+00 5.759586531581287083e+00
6.283185482025146484e+00 0.000000000000000000e+00
6.283185482025146484e+00 5.235987755982988157e-01
0.000000000000000000e+00 1.047197551196597631e+00
1.133823394775390625e-02 1.570796326794896558e+00
6.283185482025146484e+00 2.094395102393195263e+00
6.283185482025146484e+00 2.617993877991494411e+00
6.287373602390289307e-02 3.141592653589793116e+00
0.000000000000000000e+00 3.665191429188091821e+00
6.283185482025146484e+00 4.188790204786390525e+00
6.283185482025146484e+00 4.712388980384689674e+00
6.283185482025146484e+00 5.235987755982988823e+00
5.951746940612792969e+00 5.759586531581287083e+00
6.283185482025146484e+00 0.000000000000000000e+00
6.283185482025146484e+00 5.235987755982988157e-01
0.000000000000000000e+00 1.047197551196597631e+00
6.283185482025146484e+00 1.570796326794896558e+00
6.283185482025146484e+00 2.094395102393195263e+00
6.283185482025146484e+00 2.617993877991494411e+00
7.751783641651854850e-07 3.141592653589793116e+00
6.283185482025146484e+00 3.665191429188091821e+00
0.000000000000000000e+00 4.188790204786390525e+00
6.283185482025146484e+00 4.712388980384689674e+00
6.282987594604492188e+00 5.235987755982988823e+00
6.283185482025146484e+00 5.759586531581287083e+00
6.283016204833984375e+00 0.000000000000000000e+00
6.283185482025146484e+00 5.235987755982988157e-01
0.000000000000000000e+00 1.047197551196597631e+00
6.275120735168457031e+00 1.570796326794896558e+00
6.283169746398925781e+00 2.094395102393195263e+00
6.283185482025146484e+00 2.617993877991494411e+00
0.000000000000000000e+00 3.141592653589793116e+00
6.283185482025146484e+00 3.665191429188091821e+00
5.697319984436035156e+00 4.188790204786390525e+00
6.283185482025146484e+00 4.712388980384689674e+00
6.283185482025146484e+00 5.235987755982988823e+00
2.714699745178222656e+00 5.759586531581287083e+00
6.283185482025146484e+00 0.000000000000000000e+00
6.283185482025146484e+00 5.235987755982988157e-01
0.000000000000000000e+00 1.047197551196597631e+00
6.283185482025146484e+00 1.570796326794896558e+00
6.283185482025146484e+00 2.094395102393195263e+00
6.283185482025146484e+00 2.617993877991494411e+00
9.274435043334960938e-02 3.141592653589793116e+00
6.283185482025146484e+00 3.665191429188091821e+00
6.261213302612304688e+00 4.188790204786390525e+00
6.283185482025146484e+00 4.712388980384689674e+00
6.283185482025146484e+00 5.235987755982988823e+00
6.282155513763427734e+00 5.759586531581287083e+00
6.283185482025146484e+00 0.000000000000000000e+00
6.283184528350830078e+00 5.235987755982988157e-01
4.899723990092752501e-06 1.047197551196597631e+00
0.000000000000000000e+00 1.570796326794896558e+00
6.283185482025146484e+00 2.094395102393195263e+00
6.283185482025146484e+00 2.617993877991494411e+00
4.297299601603299379e-04 3.141592653589793116e+00
6.283185482025146484e+00 3.665191429188091821e+00
1.320246951763692778e-07 4.188790204786390525e+00
3.381093025207519531e+00 4.712388980384689674e+00
6.283185482025146484e+00 5.235987755982988823e+00
0.000000000000000000e+00 5.759586531581287083e+00
6.283185482025146484e+00 0.000000000000000000e+00
6.283185482025146484e+00 5.235987755982988157e-01
0.000000000000000000e+00 1.047197551196597631e+00
6.283185482025146484e+00 1.570796326794896558e+00
6.283077716827392578e+00 2.094395102393195263e+00
6.283185482025146484e+00 2.617993877991494411e+00
7.044806261546909809e-04 3.141592653589793116e+00
6.283185482025146484e+00 3.665191429188091821e+00
5.697319984436035156e+00 4.188790204786390525e+00
6.283185482025146484e+00 4.712388980384689674e+00
0.000000000000000000e+00 5.235987755982988823e+00
2.714699745178222656e+00 5.759586531581287083e+00
6.283185482025146484e+00 0.000000000000000000e+00
6.283185482025146484e+00 5.235987755982988157e-01
0.000000000000000000e+00 1.047197551196597631e+00
6.281149864196777344e+00 1.570796326794896558e+00
6.279355049133300781e+00 2.094395102393195263e+00
6.283185482025146484e+00 2.617993877991494411e+00
0.000000000000000000e+00 3.141592653589793116e+00
6.283185482025146484e+00 3.665191429188091821e+00
5.697319984436035156e+00 4.188790204786390525e+00
6.283185482025146484e+00 4.712388980384689674e+00
6.283181667327880859e+00 5.235987755982988823e+00
6.255096435546875000e+00 5.759586531581287083e+00
