3.307451009750366211e-01 -1.184365302324295044e-01 -4.986757448869908772e-03 7.548801858524257710e-04
3.445611894130706787e-01 -1.184590533375740051e-01 -3.529919617319889937e-03 -4.544603079486100351e-03
3.306254446506500244e-01 -1.297485083341598511e-01 -6.133874764067091812e-04 -3.454665983857190155e-03
3.292766511440277100e-01 -1.087248623371124268e-01 2.403851957801267369e-03 2.777441246701813776e-03
2.505573816597461700e-02 2.767027318477630615e-01 -4.187018642514550928e-03 -1.376761186057634360e-03
-5.147574543952941895e-01 -3.758364915847778320e-01 -3.399573509029273511e-03 3.399423665533048318e-03
1.490647792816162109e-01 -4.555847942829132080e-01 1.304530088005666916e-03 -1.447298866829363137e-03
6.007455587387084961e-01 7.810240387916564941e-01 -2.088864332328408454e-03 4.318141475443911838e-03
-2.637133002281188965e-01 -1.622553020715713501e-01 -4.147106483754466402e-04 4.489196442577604758e-03
4.079229831695556641e-01 5.088976025581359863e-01 4.847137249743448638e-03 2.831367463050624318e-03
3.739981651306152344e-01 -2.483872175216674805e-01 -3.446570950160459355e-03 4.035790650197820968e-03
6.861478090286254883e-01 4.899350404739379883e-01 3.144932465633565148e-03 -4.120865778688947989e-03
6.617670655250549316e-01 6.803458333015441895e-01 1.310910480308679314e-03 1.193984598779540204e-04
8.747586607933044434e-01 9.523367285728454590e-01 7.360306855593665848e-04 -1.084569193639031530e-03
6.919071674346923828e-01 5.820840597152709961e-01 -2.362143837568693797e-04 2.407814105328488427e-04
4.105733036994934082e-01 -7.248546481132507324e-01 3.095731117376096693e-03 3.681877686300550311e-03
4.378708302974700928e-01 -1.064092889428138733e-01 6.259487279622558825e-04 -3.962370723200816722e-03
3.494450449943542480e-01 -2.567410469055175781e-01 -4.654322320505763222e-03 -1.920535099738765114e-03
3.882201611995697021e-01 -1.028001978993415833e-01 -3.514416374795967940e-03 3.070479869368523441e-03
6.975237131118774414e-01 8.728948831558227539e-01 -2.253428146005853703e-03 -4.682412695946172598e-03
8.015757054090499878e-02 -6.097258329391479492e-01 3.245221812615984441e-04 -5.347189309373931443e-04
-4.147129654884338379e-01 -1.786493211984634399e-01 2.677764103990107336e-04 1.372025019270414932e-03
3.821449577808380127e-01 4.656335413455963135e-01 9.683346855362783001e-04 -1.200463285112832786e-03
-3.510107696056365967e-01 -5.673851966857910156e-01 -2.892040634295134447e-03 -1.150944743160281676e-03
3.686552941799163818e-01 -2.154028266668319702e-01 3.781811003085145360e-03 3.598934121054805750e-03
3.471698760986328125e-01 7.908436655998229980e-02 4.819847980844618567e-03 -8.903105680844770886e-04
3.421859145164489746e-01 -3.010860383510589600e-01 -4.824123393135692009e-04 -1.508310355072259908e-03
5.246874690055847168e-02 -3.010646104812622070e-01 4.771640646818856892e-03 -3.374411726746412519e-03
7.007350325584411621e-01 8.900671005249023438e-01 -2.360821499853719106e-03 4.809590638294049432e-03
8.508095741271972656e-01 5.150362253189086914e-01 -1.932325750880546037e-03 8.624208357892390597e-04
1.119109839200973511e-01 -3.475352823734283447e-01 4.402485991848521969e-03 -7.297791597059314836e-04
6.898055076599121094e-01 -5.663548707962036133e-01 -3.331255160876029926e-03 2.365976039363287473e-03
7.853970527648925781e-01 6.537023186683654785e-01 -3.570216380025497370e-03 -2.547712650944703675e-03
3.296007513999938965e-01 -1.842496357858181000e-02 3.956727799326179192e-03 1.120212418217385840e-03
7.829414606094360352e-01 2.589932382106781006e-01 3.389976653185983006e-03 4.299514991289428954e-03
3.179091513156890869e-01 3.867498338222503662e-01 -4.892946652033994953e-03 3.173370351752712905e-03
-1.828131675720214844e-01 -2.920661568641662598e-01 6.346656409891579878e-04 -1.598196205835102079e-04
7.652081847190856934e-01 5.631256103515625000e-01 4.712623381512363353e-03 -3.940536776625988037e-03
6.164888143539428711e-01 8.962288498878479004e-01 4.989017684500236978e-03 1.491644574800193856e-03
5.119450092315673828e-01 6.045108437538146973e-01 8.924886397330758503e-04 -7.940154960950351892e-05
4.240400493144989014e-01 -1.942056417465209961e-01 -7.867129225131754000e-04 -3.059943944799793387e-03
6.999606490135192871e-01 -6.694467663764953613e-01 -2.967370047259366983e-04 3.222304486344870246e-03
8.136121034622192383e-01 8.401181101799011230e-01 -1.040545134908399047e-03 -1.236966902530169023e-03
4.329128265380859375e-01 -1.745038628578186035e-01 3.472049326792622098e-04 -3.131354281833108322e-04
3.791176900267601013e-02 -4.686427116394042969e-01 1.495560923780694246e-03 -4.942593360879495024e-04
4.476978778839111328e-01 5.258345603942871094e-01 4.393052594712809102e-03 -3.270756754010865127e-03
2.383434623479843140e-01 -3.704044520854949951e-01 -1.556919069940406689e-03 1.151912369287590686e-03
3.930613696575164795e-01 -2.560699582099914551e-01 -4.908729129361154297e-04 -4.052433273638257269e-03
4.348656833171844482e-01 -1.776832193136215210e-01 1.426482170875106349e-03 1.035141729321450293e-03
6.590489745140075684e-01 -5.037700533866882324e-01 -1.171702827652915113e-03 1.494303353032667980e-04
2.844899296760559082e-01 6.457240134477615356e-02 1.728144781478162598e-03 2.729001068930850607e-04
-6.032667309045791626e-02 -5.616133213043212891e-01 -4.268136840201397671e-03 -1.905176306190876218e-05
4.304934740066528320e-01 8.195380121469497681e-02 -6.863495096613705590e-04 -4.532549715212638546e-03
2.439438253641128540e-01 -1.042552962899208069e-01 3.836041118465991460e-03 2.538699041407872954e-03
5.000559687614440918e-01 -6.952708214521408081e-02 3.908468015107197623e-03 -4.238344750276694731e-03
-6.082305219024419785e-03 2.444957382977008820e-03 1.942953298052840956e-03 -4.625667752938325376e-03
-1.123522445559501648e-01 -6.550210118293762207e-01 2.777843227309971519e-03 -2.564500773059186483e-03
6.964268684387207031e-01 8.365687727928161621e-01 -2.565212853206022200e-04 9.449681506737165823e-04
5.387085676193237305e-01 -7.390551567077636719e-01 -2.855536969139861343e-03 4.631303915875501116e-03
2.304205000400543213e-01 -8.124765753746032715e-01 -2.401376804210186931e-03 -2.196350022636261914e-03
4.513309001922607422e-01 -4.628727138042449951e-01 -2.420669473383326754e-03 3.007266406718446007e-03
3.082073330879211426e-01 4.568391665816307068e-02 1.985649646368148162e-03 -4.192734717019790808e-03
7.151381969451904297e-01 5.745706558227539062e-01 -2.726594836552902624e-03 -3.824086232875323170e-03
-2.577512525022029877e-02 -4.229562878608703613e-01 -1.201786017432271599e-03 4.070823278071031802e-03
4.236524403095245361e-01 3.347556293010711670e-01 -2.911580228270642823e-03 -4.557440709563417847e-03
1.625534445047378540e-01 -7.738650441169738770e-01 -2.744548520149274647e-03 2.710068889336918717e-03
-2.646207511425018311e-01 -4.346702098846435547e-01 -3.750251283386623214e-03 -3.598896217802366286e-03
6.284649372100830078e-01 5.235064029693603516e-01 8.881471688149608634e-04 4.090734100407839545e-03
-4.467248916625976562e-01 -4.698188900947570801e-01 -4.994221682395871657e-03 2.609569154050176212e-03
3.961586356163024902e-01 3.687370419502258301e-01 3.619344636104139014e-03 -7.372926973847095111e-05
-3.846552371978759766e-01 -3.277271389961242676e-01 4.206380585114674608e-04 -1.512404234227773207e-03
3.228864073753356934e-01 7.961781024932861328e-01 3.211597069343443377e-03 -3.757888293603781939e-03
2.419260442256927490e-01 5.521198511123657227e-01 -1.909699885427339466e-03 -1.285942114379721394e-03
7.381319403648376465e-01 1.144257709383964539e-01 -2.359832369404759461e-03 -8.624409595935902603e-04
2.568756043910980225e-01 -3.485523462295532227e-01 4.207116500698154272e-03 -5.761451003064663873e-04
4.899984300136566162e-01 -6.638010144233703613e-01 3.922963428530918013e-03 -6.330326070107441389e-04
8.289497345685958862e-02 -3.607145249843597412e-01 -3.601188690103328607e-03 3.485013433447971438e-03
1.174044832587242126e-01 -3.159011602401733398e-01 -1.766428744906226554e-03 -4.303674283093309599e-03
7.975583672523498535e-01 3.451444506645202637e-01 2.723290530857989250e-03 2.441163095294316375e-03
7.806059122085571289e-01 3.005819618701934814e-01 1.290237326892630654e-03 4.099018144550796959e-03
5.465420484542846680e-01 5.282162427902221680e-01 4.451863561994452191e-03 -6.247884320479549572e-04
-2.288548052310943604e-01 -5.550279617309570312e-01 -2.802043343031089800e-03 7.740465848954190126e-04
5.876545906066894531e-01 6.609596014022827148e-01 4.399403821415204599e-04 -1.684787422374589387e-03
5.219154953956604004e-01 8.219372630119323730e-01 4.540189207067607015e-03 -1.052181653998653967e-03
8.272392153739929199e-01 4.765339195728302002e-01 -3.485632474350563829e-03 9.785522044894164398e-04
2.204402834177017212e-01 5.904665961861610413e-02 3.233240055385454108e-03 1.809261002591260048e-03
2.399995326995849609e-01 -3.131738603115081787e-01 -1.103604294825616394e-03 -4.829579618208294095e-03
7.807297706604003906e-01 2.503448426723480225e-01 1.717174629354968445e-03 -3.683922161881032515e-03
2.197744101285934448e-01 1.333099752664566040e-01 2.615013417694176355e-03 3.517907181602500204e-03
6.857809424400329590e-01 4.456558227539062500e-01 3.275057186971005140e-03 -2.715312763442070520e-03
-2.569110691547393799e-01 -6.604043841361999512e-01 -1.761336622079802232e-03 -1.227213444396032561e-03
2.247989326715469360e-01 -6.296454071998596191e-01 -2.751251153337149966e-04 -1.773640155508618074e-03
6.129869818687438965e-01 7.923519015312194824e-01 3.808358014540345893e-04 4.356607327815390472e-03
5.623790025711059570e-01 -4.923087656497955322e-01 -2.808365980437454914e-03 1.347231480201645758e-03
1.514136791229248047e-01 -3.564473390579223633e-01 6.202761158190560689e-04 -2.772068614350362611e-03
1.424977332353591919e-01 -3.594664931297302246e-01 3.473725159326279156e-03 -1.930665299348831559e-03
4.979257285594940186e-01 7.413666248321533203e-01 -3.675378932101860518e-03 -9.377634563114923757e-04
2.170884609222412109e-01 1.442260593175888062e-01 2.402491472851694086e-03 -2.127563580630471504e-03
1.481699645519256592e-01 -4.380879998207092285e-01 2.282731308133093343e-03 1.280741696138478630e-04
6.051601767539978027e-01 -2.295043766498565674e-01 3.382618827091549325e-03 4.828161756694274165e-05
