2.833046913146972656e-01 1.928416286136024234e-03
2.495207637548446655e-01 -1.689390414799376520e-03
2.551620900630950928e-01 -2.044136316958610183e-03
2.658555507659912109e-01 4.501423025412279975e-03
1.035334467887878418e+00 4.040834637599756939e-03
1.168312225490808487e-02 7.924915930995679245e-04
1.271486282348632812e-01 4.927808056681046676e-03
1.541121244430541992e+00 3.211357316305400895e-03
1.472198486328125000e+00 -2.467464226349639494e-03
7.226684093475341797e-01 -8.112577111250600034e-04
1.566663622856140137e+00 1.169311332036565912e-03
1.388725876808166504e+00 -3.658412895653859014e-03
2.630794942378997803e-01 -6.120741992970066270e-04
1.700233072042465210e-01 -4.485336931019830164e-03
6.423110961914062500e-01 2.894756188515192237e-03
-1.185861378908157349e-01 1.311551835064122228e-03
2.946270108222961426e-01 2.953439753749678535e-03
-1.066433172672986984e-02 4.314562985135870533e-03
1.264696002006530762e+00 -5.002511990293357150e-04
5.545670390129089355e-01 -2.589378244416538043e-03
1.258773922920227051e+00 2.015974636572930023e-03
1.445539951324462891e+00 1.304364664294244310e-03
3.800302147865295410e-01 -4.218257993240607379e-03
-6.875225156545639038e-02 1.267849141102454086e-04
1.075741171836853027e+00 2.747213650726275033e-03
7.023682594299316406e-01 1.787770058781813776e-04
3.830806119367480278e-03 4.427759192701758058e-03
3.713232874870300293e-01 -3.881306259656398545e-03
1.137032032012939453e+00 -4.292757266818381968e-03
4.258301556110382080e-01 4.827926795036998654e-03
