1.041767671704292297e-01 -3.568942363138553377e-03
1.606640405952930450e-02 1.685289550193602021e-03
1.104556247591972351e-01 -4.193040229093463259e-03
6.224761158227920532e-02 -4.053542544791770980e-03
-1.436750143766403198e-01 4.410477414872685138e-03
8.133226633071899414e-01 1.905899453260884516e-03
-2.825883589684963226e-02 -1.192064480094827666e-03
2.460167929530143738e-02 3.877212369440457933e-03
1.403766155242919922e+00 3.300225570515028829e-03
6.414328813552856445e-01 1.384598638135396860e-03
-5.093661695718765259e-02 4.954959063613695140e-03
1.327562928199768066e+00 1.544603122411470145e-03
1.210852026939392090e+00 4.540627178213084252e-03
5.869284868240356445e-01 -1.021426626302045573e-04
1.419184446334838867e+00 8.174714304478103780e-04
8.085514903068542480e-01 1.876352005013486555e-03
1.378810167312622070e+00 2.045112565075323310e-04
5.966321378946304321e-02 1.926949871325641696e-03
4.798581898212432861e-01 -2.176900659814585623e-04
8.728674054145812988e-01 3.781357802340688627e-03
-3.066186234354972839e-02 4.460835664510048350e-03
9.695397615432739258e-01 -2.574528146790091773e-04
-1.698490828275680542e-01 1.263715908125500470e-03
1.283416748046875000e+00 3.778944937971993705e-03
1.375619649887084961e+00 -3.846433183885166439e-03
-6.134897470474243164e-02 -9.906106873102974927e-04
6.001968979835510254e-01 -1.557519956518106305e-03
1.225096940994262695e+00 -3.688093922328064544e-04
-4.801601171493530273e-02 4.150090306448142412e-03
-1.414017379283905029e-01 -4.764930795238210039e-03
