8.683085441589355469e-01 -4.786945094038411522e-04
9.334437251091003418e-01 -3.333082371562510159e-03
8.801719546318054199e-01 2.954278596288854516e-04
8.952302932739257812e-01 -4.401569504231528200e-03
8.009945154190063477e-01 -1.224435421886517321e-03
2.177885919809341431e-01 -2.562607889405634810e-03
9.051740169525146484e-01 1.555198093271294157e-04
6.898248940706253052e-02 -4.185314821900962962e-03
5.990244746208190918e-01 -4.615530867377363143e-03
2.919759452342987061e-01 4.024031074368093243e-03
8.133786320686340332e-01 -3.590116374714162877e-03
1.826589852571487427e-01 3.623269937850910789e-03
1.572008281946182251e-01 -8.605346614096540808e-04
1.291881322860717773e+00 6.314027394007087207e-05
1.081729829311370850e-01 -1.897095345234542894e-03
1.292272448539733887e+00 -1.349430633302704102e-03
6.320803165435791016e-01 -3.603396082220418004e-03
7.902816534042358398e-01 -2.338101713217928274e-03
4.486612677574157715e-01 4.070295425250300934e-03
6.383572816848754883e-01 1.755204119422212362e-03
1.998194307088851929e-01 -1.486009997197345472e-04
3.618523776531219482e-01 3.867907701457840887e-03
1.292334437370300293e+00 -2.908280680497562446e-03
1.141250014305114746e+00 -1.523760932072027070e-03
8.415358662605285645e-01 -1.887334394579316330e-03
1.313979625701904297e+00 -3.384988171004767871e-03
2.315864115953445435e-01 -2.696331066075086103e-03
5.335807800292968750e-01 4.764985051311852564e-03
4.458374083042144775e-01 2.795089911348041904e-03
1.864906847476959229e-01 3.789821094404903674e-03
