1.400686383247375488e+00 0.000000000000000000e+00
1.385653614997863770e+00 5.235987755982988157e-01
1.426607966423034668e+00 1.047197551196597631e+00
1.373104572296142578e+00 1.570796326794896558e+00
5.323755264282226562e+00 2.094395102393195263e+00
3.635537922382354736e-01 2.617993877991494411e+00
1.533324003219604492e+00 3.141592653589793116e+00
1.993148326873779297e+00 3.665191429188091821e+00
2.168686389923095703e+00 4.188790204786390525e+00
2.643769264221191406e+00 4.712388980384689674e+00
3.063266038894653320e+00 5.235987755982988823e+00
3.146047592163085938e+00 5.759586531581287083e+00
4.159536838531494141e+00 0.000000000000000000e+00
4.536716461181640625e+00 5.235987755982988157e-01
5.008824825286865234e+00 1.047197551196597631e+00
5.085646629333496094e+00 1.570796326794896558e+00
5.339438438415527344e+00 2.094395102393195263e+00
4.233321845531463623e-01 2.617993877991494411e+00
1.559811949729919434e+00 3.141592653589793116e+00
2.007291316986083984e+00 3.665191429188091821e+00
2.166578531265258789e+00 4.188790204786390525e+00
2.656492233276367188e+00 4.712388980384689674e+00
3.057185888290405273e+00 5.235987755982988823e+00
3.179800748825073242e+00 5.759586531581287083e+00
4.142629623413085938e+00 0.000000000000000000e+00
4.561985969543457031e+00 5.235987755982988157e-01
4.988465785980224609e+00 1.047197551196597631e+00
5.100405693054199219e+00 1.570796326794896558e+00
5.338071346282958984e+00 2.094395102393195263e+00
4.585953950881958008e-01 2.617993877991494411e+00
1.536046624183654785e+00 3.141592653589793116e+00
1.975337147712707520e+00 3.665191429188091821e+00
2.087105512619018555e+00 4.188790204786390525e+00
2.598519802093505859e+00 4.712388980384689674e+00
3.070900678634643555e+00 5.235987755982988823e+00
3.212622880935668945e+00 5.759586531581287083e+00
4.110239028930664062e+00 0.000000000000000000e+00
4.467983245849609375e+00 5.235987755982988157e-01
4.974587917327880859e+00 1.047197551196597631e+00
5.118657112121582031e+00 1.570796326794896558e+00
5.323832988739013672e+00 2.094395102393195263e+00
7.185983657836914062e-01 2.617993877991494411e+00
1.575366258621215820e+00 3.141592653589793116e+00
1.964199185371398926e+00 3.665191429188091821e+00
2.067728281021118164e+00 4.188790204786390525e+00
2.650496721267700195e+00 4.712388980384689674e+00
3.097103834152221680e+00 5.235987755982988823e+00
3.279815912246704102e+00 5.759586531581287083e+00
4.090070724487304688e+00 0.000000000000000000e+00
4.502321243286132812e+00 5.235987755982988157e-01
4.838909626007080078e+00 1.047197551196597631e+00
5.168987274169921875e+00 1.570796326794896558e+00
5.305873870849609375e+00 2.094395102393195263e+00
6.663057208061218262e-01 2.617993877991494411e+00
1.557119250297546387e+00 3.141592653589793116e+00
1.948264479637145996e+00 3.665191429188091821e+00
2.073361396789550781e+00 4.188790204786390525e+00
2.646611213684082031e+00 4.712388980384689674e+00
3.101181983947753906e+00 5.235987755982988823e+00
3.179858684539794922e+00 5.759586531581287083e+00
4.074154853820800781e+00 0.000000000000000000e+00
4.461554050445556641e+00 5.235987755982988157e-01
4.884841918945312500e+00 1.047197551196597631e+00
5.200725555419921875e+00 1.570796326794896558e+00
5.295469760894775391e+00 2.094395102393195263e+00
6.491862535476684570e-01 2.617993877991494411e+00
1.556520104408264160e+00 3.141592653589793116e+00
1.941198468208312988e+00 3.665191429188091821e+00
2.059303998947143555e+00 4.188790204786390525e+00
2.672696590423583984e+00 4.712388980384689674e+00
3.089212417602539062e+00 5.235987755982988823e+00
3.148603200912475586e+00 5.759586531581287083e+00
4.043242931365966797e+00 0.000000000000000000e+00
4.431782722473144531e+00 5.235987755982988157e-01
4.795974731445312500e+00 1.047197551196597631e+00
5.189184665679931641e+00 1.570796326794896558e+00
5.286546707153320312e+00 2.094395102393195263e+00
8.387700319290161133e-01 2.617993877991494411e+00
1.568973183631896973e+00 3.141592653589793116e+00
1.970689892768859863e+00 3.665191429188091821e+00
2.044478416442871094e+00 4.188790204786390525e+00
2.634736299514770508e+00 4.712388980384689674e+00
3.067944049835205078e+00 5.235987755982988823e+00
3.196566581726074219e+00 5.759586531581287083e+00
3.870400190353393555e+00 0.000000000000000000e+00
4.427167892456054688e+00 5.235987755982988157e-01
4.799041271209716797e+00 1.047197551196597631e+00
5.171780586242675781e+00 1.570796326794896558e+00
5.287934780120849609e+00 2.094395102393195263e+00
6.768484115600585938e-01 2.617993877991494411e+00
1.566824674606323242e+00 3.141592653589793116e+00
1.976473093032836914e+00 3.665191429188091821e+00
2.027226209640502930e+00 4.188790204786390525e+00
2.698553800582885742e+00 4.712388980384689674e+00
3.111613750457763672e+00 5.235987755982988823e+00
3.153963088989257812e+00 5.759586531581287083e+00
4.006287574768066406e+00 0.000000000000000000e+00
4.547635555267333984e+00 5.235987755982988157e-01
4.759303092956542969e+00 1.047197551196597631e+00
5.150102615356445312e+00 1.570796326794896558e+00
5.263156414031982422e+00 2.094395102393195263e+00
6.693956851959228516e-01 2.617993877991494411e+00
1.556214094161987305e+00 3.141592653589793116e+00
1.928969621658325195e+00 3.665191429188091821e+00
2.043910026550292969e+00 4.188790204786390525e+00
2.693339586257934570e+00 4.712388980384689674e+00
3.043162822723388672e+00 5.235987755982988823e+00
3.109589338302612305e+00 5.759586531581287083e+00
3.886175632476806641e+00 0.000000000000000000e+00
4.438529968261718750e+00 5.235987755982988157e-01
4.693446636199951172e+00 1.047197551196597631e+00
5.152037143707275391e+00 1.570796326794896558e+00
5.271938800811767578e+00 2.094395102393195263e+00
7.192578911781311035e-01 2.617993877991494411e+00
1.593701839447021484e+00 3.141592653589793116e+00
1.953083992004394531e+00 3.665191429188091821e+00
2.018638849258422852e+00 4.188790204786390525e+00
2.717270135879516602e+00 4.712388980384689674e+00
3.107097148895263672e+00 5.235987755982988823e+00
3.080259323120117188e+00 5.759586531581287083e+00
