8.404262661933898926e-01 -2.248882758237305199e-04
8.234682679176330566e-01 -6.673040437942248312e-04
8.355928659439086914e-01 -4.558815750545738323e-03
8.247000575065612793e-01 3.670936774168160645e-03
7.960876226425170898e-01 -3.768404450956020293e-03
7.039707303047180176e-01 -1.519878576907167551e-03
9.483343362808227539e-02 4.165306639167949167e-03
1.342947483062744141e+00 -4.561819193233511600e-03
1.653511673212051392e-01 -1.782545587280670672e-03
5.023103952407836914e-01 -2.397266376297169099e-03
1.316265583038330078e+00 -3.839298732614259291e-03
-2.857472561299800873e-02 -3.727955691083026987e-03
4.419866800308227539e-01 1.600873678547823885e-03
3.615921139717102051e-01 9.160125579722386280e-04
1.367626488208770752e-01 -1.080743847214103888e-03
1.105213016271591187e-01 -4.266247042239417614e-03
1.042941808700561523e+00 4.074177504229124606e-03
9.992616772651672363e-01 -4.027641566678761414e-03
6.564038991928100586e-01 -3.895377425511841255e-03
2.029954791069030762e-01 -5.816355218753845382e-04
1.321872711181640625e+00 -2.434992727289664229e-03
1.395117491483688354e-01 -9.781702451567416898e-04
1.601615101099014282e-01 -2.133024195174436800e-03
7.759058475494384766e-01 4.385593936227162766e-03
3.777850568294525146e-01 2.613060334713856840e-03
6.295983791351318359e-01 -3.115863101318418898e-03
2.995531558990478516e-01 -4.736442115012555465e-03
1.320469975471496582e+00 -8.373988200002036378e-04
1.253666639328002930e+00 6.174465365494062608e-04
3.559239804744720459e-01 -4.216129114316491053e-03
7.599749416112899780e-02 6.914842997240129921e-04
7.302563190460205078e-01 -2.250029075420000718e-04
1.034551501274108887e+00 3.779713833602675252e-04
8.754409849643707275e-02 2.928351376611067029e-03
8.861703872680664062e-01 -4.885981900898853959e-03
8.078017234802246094e-01 -1.140343875163106740e-03
9.638433456420898438e-01 2.386474857651962010e-03
1.286860704421997070e+00 5.905981248275730955e-04
7.413255423307418823e-02 -2.120857243252175645e-03
5.960028171539306641e-01 4.558704782248203073e-03
1.229927897453308105e+00 -2.828516985790844457e-03
9.534543752670288086e-01 2.320326660195658718e-03
4.703352451324462891e-01 -4.270703139087489615e-03
1.369340062141418457e+00 -3.488560603050443708e-03
2.646014988422393799e-01 2.803638447604256401e-03
1.181427597999572754e+00 -2.761450260039356296e-03
9.620169550180435181e-02 -3.575332405501908603e-03
1.144450977444648743e-01 -2.701640329417163196e-03
1.227580070495605469e+00 -2.664713094580255497e-03
2.735014259815216064e-01 3.569547858048146595e-03
2.280030995607376099e-01 -4.400953849629985273e-03
3.294110298156738281e-01 1.117439617798980829e-03
2.582191526889801025e-01 -4.791241978624194604e-03
1.283457756042480469e+00 3.159356144530276085e-03
1.328219920396804810e-01 1.023879918369971324e-03
1.017706274986267090e+00 -3.769604209469808870e-03
1.062560975551605225e-01 -1.803314225870841433e-03
1.267636179924011230e+00 -2.029529002400322097e-03
9.641931056976318359e-01 -3.268462213745042255e-04
2.071412056684494019e-01 -3.151019723212035092e-03
4.393931925296783447e-01 5.655878652115284982e-05
3.694147467613220215e-01 9.113492980765691698e-04
8.241503834724426270e-01 2.506363117806309146e-03
1.967969536781311035e-01 -2.640371681597479710e-03
9.111342430114746094e-01 2.931178143687175434e-03
9.792078137397766113e-01 -2.551637971938661761e-03
1.260537981986999512e+00 -4.720113696827793123e-03
3.434020876884460449e-01 -1.951288287629649072e-03
1.273806691169738770e+00 -3.221971872619236107e-03
2.111610919237136841e-01 -3.283206477567787718e-05
8.948019891977310181e-02 -7.687635293204733017e-05
4.667252898216247559e-01 -4.261254354043492350e-03
1.821385771036148071e-01 -3.778775757034294035e-03
7.691767215728759766e-01 2.903247681303785382e-04
7.771784067153930664e-01 -4.889994349827647691e-03
9.243585914373397827e-02 -1.581140724787955323e-04
1.933160126209259033e-01 1.885756920996147119e-03
8.126026391983032227e-01 2.375960297960907561e-03
1.056473925709724426e-01 4.258717589612176328e-03
7.328537702560424805e-01 4.296918035933804808e-05
1.207963109016418457e+00 1.684830176608195958e-03
1.206335306167602539e+00 1.562394441285959099e-03
1.316022276878356934e+00 -2.952501048188692356e-06
9.172762036323547363e-01 -4.573967030216102153e-03
1.105568289756774902e+00 3.892419692108605063e-03
1.104594230651855469e+00 -1.973162028179355210e-04
8.659530878067016602e-01 3.897184585415909043e-03
1.007992029190063477e-01 1.578804970493480342e-03
1.301460623741149902e+00 8.089291043054313776e-04
7.979778647422790527e-01 1.241839623897082225e-03
1.317316889762878418e+00 4.785023438216296811e-03
1.061974525451660156e+00 4.453847649640259483e-03
9.192025661468505859e-01 -3.284613115247390219e-03
1.066632270812988281e+00 3.910935215911512559e-03
1.383043766021728516e+00 -2.362697425054528441e-04
1.339300632476806641e+00 -3.436918893958536281e-03
1.782938390970230103e-01 -3.402740660299750225e-03
1.298923730850219727e+00 2.125694994062515483e-03
8.521289825439453125e-01 3.133346910904431272e-03
2.355477958917617798e-01 -4.926732585437449893e-03
