-6.914840936660766602e-01 1.092712682108758389e-03
-7.152940034866333008e-01 -3.352334024097818575e-03
-7.141203880310058594e-01 -3.946682845412541156e-03
-7.656636238098144531e-01 3.974821811709433085e-03
-3.374435752630233765e-02 -3.009619691859205613e-03
-1.275263428688049316e+00 -1.494550391256955959e-03
-1.371390461921691895e+00 -4.924702964887022263e-03
1.174945592880249023e+00 3.174404778871758349e-03
-1.308683395385742188e+00 4.862027071269739778e-04
-1.192638397216796875e+00 -3.850677023209949854e-03
-1.270303368568420410e+00 -4.137612465946592655e-03
8.202670216560363770e-01 2.880598129863377703e-03
-7.906393408775329590e-01 -2.058629722730926943e-03
-1.363450169563293457e+00 4.840434565424995249e-03
-1.375445604324340820e+00 2.387272319706451595e-03
3.333633244037628174e-01 3.251196901410743391e-03
-1.188363790512084961e+00 8.057374468613386770e-04
1.047186017036437988e+00 -1.939603469205228737e-03
6.576214432716369629e-01 1.884509490320322896e-03
9.922446608543395996e-01 -2.738968158888088929e-03
-5.931639075279235840e-01 -1.301104147327830467e-03
-1.230766892433166504e+00 2.834113099504047446e-03
-1.066819131374359131e-01 -3.844337551233577635e-03
-1.385262489318847656e+00 1.774123414053595943e-03
-1.026399612426757812e+00 4.361935862874253764e-04
5.969948768615722656e-01 -2.653267872923057574e-03
-1.363543033599853516e+00 -3.858164738280326495e-03
-1.582567244768142700e-01 -9.169589058458781777e-04
-7.182723879814147949e-01 -3.484859341147059694e-03
-1.413230061531066895e+00 1.062092823924667799e-03
-1.401306748390197754e+00 5.722008252809305390e-04
-1.057349801063537598e+00 -2.906498632184643157e-03
-1.226694464683532715e+00 3.066813866794752992e-03
-3.060118854045867920e-01 -4.615141244529430246e-03
-8.968165516853332520e-01 -8.627279959468915627e-04
-1.211858034133911133e+00 2.509287119010318763e-03
7.149174809455871582e-01 -3.319058302250674740e-03
-1.401321172714233398e+00 3.308872252969575004e-04
-9.566487073898315430e-01 4.858617757164648658e-03
1.682385951280593872e-01 2.823005887033516910e-03
-1.200032353401184082e+00 4.243916052343451976e-03
-7.715670466423034668e-01 2.054189071730832747e-03
1.093375325202941895e+00 3.856309399420156277e-03
6.683673858642578125e-01 -2.099383660205828180e-03
1.106876969337463379e+00 2.490744960713352218e-03
1.790497452020645142e-01 3.230445245570075750e-03
9.425802826881408691e-01 4.164549603680335783e-03
-1.253692507743835449e+00 -3.440568022163887664e-03
5.097388029098510742e-01 -3.151810185574695049e-03
8.899459242820739746e-01 3.059563019747641409e-03
9.906363487243652344e-01 -1.120986000471876475e-03
-1.223998069763183594e+00 2.693336838213607198e-03
-1.156439423561096191e+00 -4.528077658169813932e-04
9.343085289001464844e-01 -2.672117953783208558e-03
-1.137354969978332520e+00 4.189728259035415715e-03
2.048922032117843628e-01 4.706136420498875823e-03
-8.361673951148986816e-01 8.729130671781470605e-04
-1.282353281974792480e+00 4.204468077161607233e-03
7.837011218070983887e-01 -1.583288884400005023e-03
1.349684238433837891e+00 1.848898353959738984e-03
-2.857211530208587646e-01 8.029140601546322017e-04
1.096352577209472656e+00 -2.034120761989980600e-03
-1.220694661140441895e+00 -8.319345651177411163e-04
3.684196770191192627e-01 -4.108348240529718053e-03
-6.493792533874511719e-01 1.934632633723790823e-03
-1.172201514244079590e+00 -7.549451968972805196e-04
-9.950354099273681641e-01 4.150972213643420831e-03
-1.372580885887145996e+00 2.227805854265498854e-03
1.562096625566482544e-01 -3.175013490893959997e-03
-9.504855871200561523e-01 -2.683557497296748095e-03
7.788842320442199707e-01 -3.031865823551492967e-03
2.671024203300476074e-01 -1.257578378280533715e-03
-1.216577887535095215e+00 -2.933018876720253597e-03
-1.264370322227478027e+00 -2.938707753427057326e-04
-1.322342514991760254e+00 2.721994447464038194e-03
-9.547435045242309570e-01 -2.849143024099788299e-04
-1.360634922981262207e+00 -2.534613218370209732e-03
-8.750487565994262695e-01 -2.540923015787012375e-03
6.241130232810974121e-01 -2.887862740157579478e-03
-9.610061049461364746e-01 -2.396653997847065717e-03
-1.286157011985778809e+00 -7.418296512729568443e-04
-1.288858771324157715e+00 -3.130837641969726540e-04
-1.340463638305664062e+00 -3.302453158028467815e-03
-1.357960104942321777e+00 1.100277827766612398e-03
-8.354910016059875488e-01 6.508839173357035962e-04
-9.141016602516174316e-01 1.374544096504447775e-03
-1.254328370094299316e+00 -1.807559970336113792e-04
-3.595694201067090034e-03 4.575204491300006136e-03
-4.981670677661895752e-01 -3.133338429907308806e-04
-6.888959556818008423e-02 1.284938387448537889e-03
-6.684890985488891602e-01 -1.341428043204493346e-03
1.211934208869934082e+00 6.076717979488577628e-04
-9.964886903762817383e-01 -1.520744048498967518e-03
-4.312739372253417969e-01 -9.710353027697305947e-04
-1.032323956489562988e+00 2.078298517844439329e-03
-7.343535423278808594e-01 8.904500004638113766e-04
-1.093706250190734863e+00 -2.588319573557076349e-03
-9.210488200187683105e-01 -1.961158505940536600e-03
3.938486874103546143e-01 -1.064100182453602689e-03
-6.082010865211486816e-01 5.113014504859814471e-04
