9.991281628608703613e-01 -3.194853961467742920e-01 -4.044597158066300102e-03 1.033583848605076211e-04
6.568129658699035645e-01 -9.177785515785217285e-01 1.535552458747733301e-03 2.011952782509339455e-03
1.626709103584289551e-01 -9.999994039535522461e-01 2.439463021215786294e-03 -4.982190212458198660e-03
9.999921917915344238e-01 -9.994939565658569336e-01 -1.883018111143779268e-03 2.252913935197715760e-03
1.000000000000000000e+00 -1.513538509607315063e-01 -2.260619587768133380e-03 1.657069784126053748e-03
9.999511837959289551e-01 -5.832526087760925293e-01 1.352988024047284410e-03 1.269876426648246757e-03
1.000000000000000000e+00 5.705434679985046387e-01 -3.766782377091378725e-03 -2.857585670778087748e-03
1.000000000000000000e+00 5.887907147407531738e-01 2.673368230993239045e-03 -3.183245715244596968e-03
1.000000000000000000e+00 -3.349288105964660645e-01 4.285476090421832217e-03 -4.270402529412290447e-03
9.999791383743286133e-01 3.589843511581420898e-01 2.844694902597646839e-03 5.850915503981491891e-04
1.000000000000000000e+00 4.574158228933811188e-03 -2.224538766332807404e-03 -4.494373169348630896e-03
1.000000000000000000e+00 3.664119839668273926e-01 4.278579918358559574e-03 1.043108677430808554e-03
1.000000000000000000e+00 5.853619575500488281e-01 -4.730580687318622010e-03 -2.172348327588234044e-03
1.000000000000000000e+00 1.615380495786666870e-01 -4.317719860620137032e-03 -3.749643720288208405e-03
1.000000000000000000e+00 -1.409876998513936996e-02 2.343463233135806290e-03 4.207172676156935472e-03
1.000000000000000000e+00 2.230205237865447998e-01 -2.440362180920944198e-03 -4.000148791305301044e-03
1.000000000000000000e+00 4.869040846824645996e-01 3.838470363719805219e-03 -4.523920891856342101e-03
1.000000000000000000e+00 1.901085078716278076e-01 -1.359453843792750999e-05 4.783870696060126167e-03
9.998889565467834473e-01 -7.428211569786071777e-01 8.826344739898675171e-04 3.614978781758238467e-03
1.000000000000000000e+00 3.866557478904724121e-01 -2.038244192522405823e-04 -4.823237375984807708e-03
1.000000000000000000e+00 4.656526446342468262e-01 2.870275826284980798e-03 -2.617938377068099610e-03
1.000000000000000000e+00 7.119135856628417969e-01 -2.230484526730529445e-03 7.629585010295635364e-04
9.999273419380187988e-01 -9.665619134902954102e-01 4.851608712907159830e-03 -1.108914987264873059e-05
1.000000000000000000e+00 3.957505226135253906e-01 -1.419141103400330464e-04 4.668416964731278256e-03
1.000000000000000000e+00 3.474436402320861816e-01 3.211834541659877758e-03 -3.373530306419372099e-03
1.000000000000000000e+00 -3.714900836348533630e-02 9.249046060804877109e-04 -4.734952611997644140e-03
1.000000000000000000e+00 8.078216314315795898e-01 2.347014666403293356e-03 2.099523133074519127e-03
1.000000000000000000e+00 9.186958074569702148e-01 -6.981971885007421524e-04 -4.538487701329891634e-03
1.000000000000000000e+00 7.350470423698425293e-01 -6.453482636049195920e-05 1.441337814893524187e-03
1.000000000000000000e+00 6.309532523155212402e-01 -2.035226324364198917e-03 3.298557435533515207e-03
9.984500408172607422e-01 -9.993532299995422363e-01 1.519720161547583048e-03 -4.704131103951628839e-04
1.000000000000000000e+00 2.592895328998565674e-01 -4.025121088554376933e-03 -3.449488635123802195e-03
1.000000000000000000e+00 8.689563274383544922e-01 8.656814557832489057e-04 -6.721844924546353794e-04
1.000000000000000000e+00 -4.443923532962799072e-01 3.935780690450116186e-03 -2.110299574650621301e-03
1.000000000000000000e+00 8.882142901420593262e-01 2.492253296291024531e-03 3.752215192132695755e-03
1.000000000000000000e+00 4.210988283157348633e-01 -4.818752960045686110e-03 6.328165331967181353e-04
1.000000000000000000e+00 3.919172883033752441e-01 -1.772839931954484083e-03 -3.220516047862985801e-03
1.000000000000000000e+00 6.807767748832702637e-01 4.714276250933772776e-03 1.917915219761560583e-04
9.999785423278808594e-01 9.547078013420104980e-01 -1.480509005848462852e-03 -3.173712366838368250e-03
1.000000000000000000e+00 2.999967038631439209e-01 -3.647625950329286444e-03 2.798413397994915265e-03
1.000000000000000000e+00 -1.296775341033935547e-01 2.336004416663483262e-03 -9.669429828647766942e-04
1.000000000000000000e+00 6.273553371429443359e-01 -9.735068927080739801e-04 1.021324661365452524e-03
1.000000000000000000e+00 -7.931576110422611237e-03 -1.789745152501912712e-03 -2.369522247784239515e-03
1.000000000000000000e+00 -3.638455271720886230e-01 1.185892293394750358e-03 4.117195529187478269e-03
1.000000000000000000e+00 -4.741882160305976868e-02 6.732292543797126216e-04 3.487057144575685629e-03
9.999977350234985352e-01 8.539798259735107422e-01 -3.708972179350919149e-03 2.360949840510669084e-03
1.000000000000000000e+00 -1.264393329620361328e-01 -2.746440320981231777e-03 -1.712695760558953246e-03
9.999966621398925781e-01 6.207400560379028320e-01 4.315187610565982164e-03 -1.901633626327091549e-03
9.999997019767761230e-01 9.073186516761779785e-01 7.120422841507580147e-04 -5.475400064399258554e-04
1.000000000000000000e+00 -3.641195595264434814e-01 -3.861566830307222586e-03 3.444946691442451851e-03
1.000000000000000000e+00 -2.874182164669036865e-01 2.218813879785711332e-03 2.763992354082187887e-03
9.999997615814208984e-01 -2.441093921661376953e-01 5.890266903444641919e-04 3.123089338122460486e-03
1.000000000000000000e+00 -2.746388614177703857e-01 -1.760441459074924084e-03 -1.553420699386460872e-03
1.000000000000000000e+00 -9.866824746131896973e-02 4.859495902203713781e-03 4.842587713082737583e-04
9.993529319763183594e-01 -9.998255372047424316e-01 -2.852613271894464345e-03 -6.312155563740649497e-04
9.999995231628417969e-01 9.340507388114929199e-01 -1.059945816301278813e-03 -2.905317469585695558e-03
1.000000000000000000e+00 -3.199191093444824219e-01 -3.212973634482774524e-03 1.641033600243692499e-03
1.000000000000000000e+00 6.414470076560974121e-01 -1.587183981061753794e-03 -2.103067719543122698e-03
1.000000000000000000e+00 9.464432597160339355e-01 -1.209034477727040108e-03 1.984123380736025136e-03
1.000000000000000000e+00 -9.029724448919296265e-02 -4.921999682904187011e-03 -1.836862455593013706e-03
1.000000000000000000e+00 -2.023114562034606934e-01 -2.767009296056073282e-03 4.210959201185312563e-03
1.000000000000000000e+00 7.685960084199905396e-02 -1.478379387573125654e-03 4.701304468538333899e-03
9.999996423721313477e-01 8.762922286987304688e-01 2.309556597689500258e-03 -3.030092355802582998e-03
1.000000000000000000e+00 4.746173024177551270e-01 -2.849279572062162098e-03 -2.448370048072364726e-03
1.000000000000000000e+00 1.887360364198684692e-01 3.961925910323494358e-03 -1.290269621585750023e-04
1.000000000000000000e+00 9.502397179603576660e-01 3.729951980140808372e-03 -3.554365127499284870e-03
1.000000000000000000e+00 6.416620016098022461e-01 -4.943179453706010064e-03 1.657019406140643712e-03
1.000000000000000000e+00 -9.882505983114242554e-02 -1.255862373739117296e-03 -4.107070974284853307e-03
1.000000000000000000e+00 1.430829018354415894e-01 -1.153032279173041904e-03 -4.356841111350769936e-03
1.000000000000000000e+00 6.906677484512329102e-01 -3.105251187678022273e-03 3.112575103977801433e-04
1.000000000000000000e+00 2.600486278533935547e-01 1.029982480058256634e-03 -2.546915794542582625e-03
1.000000000000000000e+00 6.791533231735229492e-01 -4.590778325054009970e-04 -2.824173969300809457e-03
1.000000000000000000e+00 1.231794431805610657e-01 -8.835866464757509767e-04 4.531496214010290700e-03
1.000000000000000000e+00 -2.345754802227020264e-01 2.314967811996027081e-03 3.756294687033132941e-03
1.000000000000000000e+00 4.979240000247955322e-01 -1.217475811825439319e-03 1.194937226557110828e-03
1.000000000000000000e+00 -1.131459176540374756e-01 -3.050024459438404993e-03 2.405093067914566840e-04
1.000000000000000000e+00 8.508929014205932617e-01 4.616269708089944419e-03 -1.337287050327556730e-03
9.999985098838806152e-01 7.246021628379821777e-01 -2.486378765334309408e-03 -2.629627663995716316e-03
9.999998211860656738e-01 9.150860905647277832e-01 -3.321204313306779302e-03 3.076779773981960960e-03
1.000000000000000000e+00 -1.083909794688224792e-01 5.011917936446211655e-04 -2.628844471093105904e-03
1.000000000000000000e+00 5.201365947723388672e-01 2.257783152129213926e-03 -2.923853967081141425e-03
1.000000000000000000e+00 -2.785285748541355133e-02 -4.285304889401763372e-03 1.380461811409541481e-03
1.000000000000000000e+00 -3.062365949153900146e-01 -3.027505588205860968e-03 -4.797600836660022468e-03
1.000000000000000000e+00 1.515390127897262573e-01 1.749055549506537723e-03 6.791008298501800822e-04
1.000000000000000000e+00 6.760851144790649414e-01 3.733143774350436601e-03 2.450986646937982835e-03
1.000000000000000000e+00 -1.278304308652877808e-01 1.842277397454804982e-03 -1.486411305112591424e-03
1.000000000000000000e+00 6.322184950113296509e-02 -2.500591063482578928e-03 -4.386952960730366308e-03
1.000000000000000000e+00 1.056568790227174759e-02 -1.663208990602502591e-03 2.574173726751088909e-03
9.999986290931701660e-01 -2.113667875528335571e-01 4.223968258259579341e-03 -4.337849738033107243e-03
1.000000000000000000e+00 3.789207041263580322e-01 3.148295502571567435e-03 -9.716972528688531258e-04
1.000000000000000000e+00 -7.857751846313476562e-02 -2.039282807041100515e-03 -1.899384942431779806e-03
1.000000000000000000e+00 1.698254942893981934e-01 -1.637280540867141077e-03 2.862416958950815028e-03
1.000000000000000000e+00 6.745069026947021484e-01 -6.861655295115846181e-05 -3.959606668496980057e-03
1.000000000000000000e+00 -2.621909081935882568e-01 4.314641623418325779e-03 4.569595227034521472e-03
1.000000000000000000e+00 -1.369522958993911743e-01 5.099221013140035202e-04 -4.367307020087909594e-03
1.000000000000000000e+00 2.540795803070068359e-01 -7.096511004187934513e-04 -2.880597620224592970e-03
1.000000000000000000e+00 3.644284009933471680e-01 4.671108663005952427e-04 1.910217770101235030e-03
1.000000000000000000e+00 9.417728185653686523e-01 1.236679601823691653e-03 4.194487093175839655e-03
1.000000000000000000e+00 3.704134821891784668e-01 3.037777532937738396e-03 -2.294347771592932742e-03
1.000000000000000000e+00 4.398750364780426025e-01 -3.670966118040832650e-03 4.348762163702216653e-03
