2.149078845977783203e-01 -1.000000000000000000e+00 4.647145610205839945e-03 3.583816969277199387e-03
-1.000000000000000000e+00 9.999996423721313477e-01 -7.862426832830771845e-05 5.177704380423461816e-04
-9.554816484451293945e-01 1.000000000000000000e+00 4.980832800317765326e-03 -6.825040749126156173e-04
-1.000000000000000000e+00 -7.589729428291320801e-01 4.051509759418761396e-03 -1.394311782197407180e-03
9.981541037559509277e-01 -7.477612495422363281e-01 1.228137165523363050e-03 -1.003580945443329972e-03
9.999909996986389160e-01 -3.161905407905578613e-01 -2.157707075717623171e-03 4.503639558990604926e-03
1.000000000000000000e+00 -1.105587482452392578e-01 2.735892586644381695e-03 -2.177951816189373051e-03
1.000000000000000000e+00 7.660810351371765137e-01 -3.069664736974001516e-03 2.102906066767825516e-03
1.000000000000000000e+00 6.425713896751403809e-01 4.893349400231975128e-03 -3.374558946319982169e-04
9.999919533729553223e-01 -5.547353625297546387e-01 1.615080708950647828e-03 3.344605637897359561e-03
9.999999403953552246e-01 3.955534994602203369e-01 -1.176825468205259118e-03 -4.025076300693947000e-03
1.000000000000000000e+00 6.598787307739257812e-01 4.271626135819520283e-03 5.659395185974545883e-04
1.000000000000000000e+00 -5.213854908943176270e-01 -2.323813326383078644e-03 -2.456781754507357963e-03
9.518091678619384766e-01 -8.811496496200561523e-01 -3.093941884997988313e-03 -1.780760323512992158e-03
1.000000000000000000e+00 3.081568777561187744e-01 4.136867652216932173e-04 3.549812849719165102e-03
1.000000000000000000e+00 8.144376277923583984e-01 1.976860104780391383e-03 1.968650338099156051e-03
1.000000000000000000e+00 -8.963360637426376343e-02 3.145294403427210776e-03 -2.842911929942642038e-03
1.000000000000000000e+00 4.847322106361389160e-01 -2.778887560477741759e-03 -3.194287026540034574e-03
9.877398610115051270e-01 -8.682134151458740234e-01 -4.609297219303086154e-03 3.415834263831051161e-03
4.613116085529327393e-01 -9.603365063667297363e-01 4.997484544170412678e-03 -1.251085672487160013e-03
9.999978542327880859e-01 9.777003526687622070e-01 -2.328276681470931985e-03 3.761208576919400533e-03
1.000000000000000000e+00 8.772011846303939819e-03 2.609048574742538380e-03 -2.611656898854134313e-03
1.000000000000000000e+00 8.734990656375885010e-02 3.578201401263637373e-03 -1.807231002292827241e-03
1.000000000000000000e+00 2.704173922538757324e-01 2.427431598597817007e-03 -4.754154972712346452e-03
9.988940954208374023e-01 -4.199774563312530518e-01 -4.561998853161097593e-03 -4.028826656556147232e-03
9.943261146545410156e-01 8.153532743453979492e-01 3.339969542761395647e-03 8.562904152183831163e-07
9.997957348823547363e-01 8.425793051719665527e-01 -4.186605662853064465e-03 -4.825205583974509320e-03
1.000000000000000000e+00 4.980151057243347168e-01 1.598260515625126582e-03 1.908144109542192664e-03
1.000000000000000000e+00 6.214669942855834961e-01 4.637498371487180741e-03 -2.569662838007102847e-03
1.000000000000000000e+00 3.935451209545135498e-01 7.081395919171940695e-04 1.110059449208476018e-03
1.000000000000000000e+00 5.469403862953186035e-01 1.538061639475870983e-03 2.532709673639177601e-03
9.930717945098876953e-01 -7.977933287620544434e-01 1.469603840609234879e-05 -3.771198509837595664e-04
9.957222938537597656e-01 9.624762535095214844e-01 9.600754184898819751e-04 -1.437037703484963375e-03
6.533216834068298340e-01 -9.709675908088684082e-01 1.780198828624777498e-03 -4.449639313171774996e-04
9.286485314369201660e-01 -9.018503427505493164e-01 -4.537612169724808756e-03 -3.054904181399542736e-03
1.000000000000000000e+00 7.206327915191650391e-01 -3.935025655774939540e-03 8.133026770490870555e-05
1.000000000000000000e+00 7.266550064086914062e-01 -1.602104184491478546e-03 -1.426099387780894751e-03
1.000000000000000000e+00 7.851209044456481934e-01 -1.257714599264238980e-03 1.272175128050054456e-03
1.000000000000000000e+00 4.361287951469421387e-01 -4.822774199074841839e-03 3.402427714999386489e-03
1.000000000000000000e+00 5.099090933799743652e-01 -1.228913018946013909e-03 2.172746223047116940e-03
1.000000000000000000e+00 4.614652693271636963e-01 3.212482332885077153e-03 6.929286170801393641e-04
9.483336806297302246e-01 -8.878978490829467773e-01 -3.578696988211054354e-03 2.535279203004186903e-03
1.000000000000000000e+00 -1.906180977821350098e-01 -3.251609739639956843e-03 -4.298395696359151759e-03
1.000000000000000000e+00 2.418369799852371216e-02 6.554877725563927268e-04 -1.565104813210896947e-03
1.000000000000000000e+00 3.552592694759368896e-01 -4.829910121357462900e-03 -9.264315000006894188e-04
1.000000000000000000e+00 6.487759351730346680e-01 -2.848591512432531014e-03 3.981630041602359470e-03
1.000000000000000000e+00 1.441804468631744385e-01 -6.770394506067558410e-04 2.064440010310572560e-04
1.000000000000000000e+00 3.264116048812866211e-01 2.405458602941794657e-03 -2.438101211989940603e-03
1.000000000000000000e+00 -2.291653007268905640e-01 -1.966860798125391260e-04 -3.806418509833045354e-03
1.000000000000000000e+00 3.561905920505523682e-01 4.016769329937281384e-03 -3.769656006475021609e-04
1.000000000000000000e+00 6.421344876289367676e-01 2.663350930674379669e-03 -1.620920817562915457e-03
1.000000000000000000e+00 9.346538782119750977e-01 2.096548006412755905e-03 1.840114782605466875e-03
1.000000000000000000e+00 -4.147404804825782776e-02 3.811250938434465087e-03 2.154697685652154533e-03
1.000000000000000000e+00 8.129530549049377441e-01 -2.853786223096387367e-03 -1.816894960705643831e-03
1.000000000000000000e+00 4.430754482746124268e-02 -4.640867844191380771e-03 4.907685459044532593e-03
8.819839954376220703e-01 -9.297318458557128906e-01 -1.228646258118719446e-03 -1.581903389310404182e-03
9.990215301513671875e-01 -6.593713164329528809e-01 4.192062610556939080e-03 3.617887571096573864e-03
1.000000000000000000e+00 7.769335508346557617e-01 -2.787257833375393883e-03 2.287310904625517588e-04
1.000000000000000000e+00 -2.122977077960968018e-01 -1.544290998915000008e-03 1.027267188609075517e-03
1.000000000000000000e+00 -3.693352267146110535e-02 -4.271594486388639519e-03 -1.592814518442439275e-03
9.953730106353759766e-01 -8.004539608955383301e-01 3.872049781272797996e-03 -5.157164001718429758e-04
1.000000000000000000e+00 7.210496664047241211e-01 4.673580852388076017e-03 1.021632306200566387e-04
9.571424722671508789e-01 -8.764533996582031250e-01 -3.172162456875470687e-04 -2.065714928408298769e-03
1.000000000000000000e+00 7.665425539016723633e-01 4.209653231946600647e-03 -4.818761798825877372e-03
1.000000000000000000e+00 7.830987572669982910e-01 -1.134298423393286306e-03 -1.799347720092512280e-03
1.000000000000000000e+00 7.965310811996459961e-01 -4.687504135138487529e-03 4.258903541042969622e-03
1.000000000000000000e+00 4.331852793693542480e-01 -3.372692987284770048e-03 6.479160410244452425e-04
1.000000000000000000e+00 1.245179101824760437e-01 9.145040662282945612e-04 -4.856223116643696228e-03
1.000000000000000000e+00 -4.527254961431026459e-03 2.390139160730320005e-03 5.780683682648979013e-04
1.000000000000000000e+00 3.210953176021575928e-01 -1.630861801969266112e-04 -3.979249916533529434e-03
1.000000000000000000e+00 1.282808929681777954e-01 3.898881355259260252e-03 -1.876643051887906186e-03
1.000000000000000000e+00 3.531374335289001465e-01 -4.407797774776607211e-03 1.274350280166339396e-03
1.000000000000000000e+00 3.704185485839843750e-01 -3.438641777854622820e-03 4.714287073419617773e-03
9.999753832817077637e-01 9.891880750656127930e-01 -3.627734386084795724e-03 -2.464725004850091324e-03
9.997270107269287109e-01 9.031789898872375488e-01 1.955255650701311770e-03 2.391822005968095854e-03
1.000000000000000000e+00 -5.149599909782409668e-02 -2.006730741015503271e-03 4.182488074621087785e-03
1.000000000000000000e+00 4.887299835681915283e-01 -3.472855995637382821e-03 1.897953732594596932e-03
1.000000000000000000e+00 5.370213389396667480e-01 2.966840061884926973e-03 3.351844432955952864e-03
5.424004793167114258e-01 -9.618641734123229980e-01 -3.156674699976829042e-03 -7.903738169518772713e-04
1.000000000000000000e+00 2.342686504125595093e-01 -3.846095678111441894e-03 -4.003506253535300818e-04
1.000000000000000000e+00 6.406794190406799316e-01 -3.369224681594337051e-03 -4.209782382098001263e-03
9.845288395881652832e-01 -8.347544074058532715e-01 -3.253307295387298809e-03 -3.974220918207127182e-03
1.000000000000000000e+00 5.809521079063415527e-01 -4.555342768526603886e-03 4.493790654007280734e-03
1.000000000000000000e+00 7.484730482101440430e-01 2.352695671042111768e-03 4.265686069700885992e-03
1.000000000000000000e+00 3.311266601085662842e-01 -2.249066111251545388e-03 8.115596613755670513e-04
1.000000000000000000e+00 7.750887870788574219e-01 -1.878761090815813696e-03 -4.171721091431063004e-03
1.000000000000000000e+00 -5.258068442344665527e-02 4.282180384261739629e-03 1.436273074727051000e-03
9.969814419746398926e-01 -8.209953308105468750e-01 -3.721173065770315772e-03 1.834928972008975472e-03
1.000000000000000000e+00 6.741167902946472168e-01 4.055177012511766883e-03 3.030909527279606296e-03
1.000000000000000000e+00 -1.716352552175521851e-01 2.059959180262656460e-03 3.283468086414332611e-03
1.000000000000000000e+00 3.111046552658081055e-01 1.759466902018939037e-03 4.563953313760378723e-03
1.000000000000000000e+00 7.442162632942199707e-01 2.096155614370964412e-03 -3.244919589684638547e-03
9.224169850349426270e-01 -9.164360761642456055e-01 -1.960862403101479995e-03 3.993479998227020440e-03
5.584264993667602539e-01 -9.568821191787719727e-01 -2.054217093864930260e-04 -4.171256082398124704e-03
9.994134306907653809e-01 -6.475242376327514648e-01 -3.352174063689430765e-03 -1.598995006572181358e-03
9.999958872795104980e-01 7.074674367904663086e-01 4.440945573133642070e-03 -6.728387723845844978e-04
1.000000000000000000e+00 3.640154004096984863e-01 -1.020705160000425459e-03 3.153830372227060634e-03
1.000000000000000000e+00 8.157007098197937012e-01 4.307837886331153561e-03 -2.920535539428424816e-03
1.000000000000000000e+00 4.855080842971801758e-01 -3.111403082965119582e-03 -5.285234574605134072e-04
1.000000000000000000e+00 5.618278384208679199e-01 -4.697416671604602925e-03 -2.372408027882176931e-03
