-9.996437430381774902e-01 -9.966006875038146973e-01 -3.513154792958890493e-03 3.880546912458816312e-03
-2.294482477009296417e-02 -8.489499688148498535e-01 -2.973418642722271913e-03 4.724238935419888645e-03
9.999989271163940430e-01 9.251742959022521973e-01 3.162627550059631844e-03 -7.642026694288381675e-04
-9.999684095382690430e-01 8.417233228683471680e-01 6.192729692326157456e-04 -5.866823019789225990e-04
9.999962449073791504e-01 -7.348873019218444824e-01 4.947679086394860849e-03 4.348221349729872003e-03
9.992641210556030273e-01 -8.000416159629821777e-01 2.495500257856009436e-03 -3.931316215121591351e-03
1.000000000000000000e+00 1.226722076535224915e-01 1.045645464623584826e-03 4.382504538259325740e-03
9.999986290931701660e-01 2.693686820566654205e-02 -6.649931168674939885e-04 -1.137797561582156933e-03
9.992914795875549316e-01 -7.908190488815307617e-01 -4.278011577482365713e-03 2.139642885786005068e-03
1.000000000000000000e+00 -4.465692862868309021e-02 4.376449026561957632e-03 1.813964008956408039e-03
-9.930163025856018066e-01 -8.890309929847717285e-01 -7.900796611507278702e-04 3.352783530094754355e-05
1.000000000000000000e+00 3.016992807388305664e-01 -3.017101652978249060e-03 1.420343216991909810e-03
9.999022483825683594e-01 -7.837457656860351562e-01 2.322808526011271857e-03 1.671075842882919008e-04
6.412482857704162598e-01 -2.394075393676757812e-01 3.246229675999711718e-03 -2.514041813504785082e-03
-9.977965950965881348e-01 -9.868564605712890625e-01 -1.554611360084432337e-03 -3.147634189759273247e-03
9.745356440544128418e-01 -7.605039477348327637e-01 2.986659477540462918e-04 -1.583888021550887686e-03
9.999256730079650879e-01 -7.331829071044921875e-01 -4.933884947893513173e-03 -3.540855622453513950e-03
9.993581175804138184e-01 -3.320834636688232422e-01 3.643768072978645182e-03 8.079211451470728195e-04
9.999995827674865723e-01 6.560817360877990723e-01 -3.103082592855738522e-03 2.423159433506996176e-03
1.000000000000000000e+00 8.520600199699401855e-02 -1.753661938375921346e-03 2.236479468241260420e-03
1.000000000000000000e+00 9.271228685975074768e-03 4.479376875084325506e-03 1.145221747864093656e-03
9.998535513877868652e-01 -3.317461609840393066e-01 3.358829061783441018e-03 7.799180866773555015e-05
9.999905824661254883e-01 -7.637971639633178711e-01 1.590400169217034108e-03 -4.159206532281622785e-03
9.992919564247131348e-01 -7.683927416801452637e-01 1.503718465505221417e-03 -5.648148033847054036e-04
1.000000000000000000e+00 3.210498690605163574e-01 1.125846332086699944e-03 -4.505307531011307903e-03
9.991047978401184082e-01 -7.976235747337341309e-01 9.100648728500035714e-04 1.583798619707338373e-03
9.995698928833007812e-01 6.244432926177978516e-01 2.566715816222004710e-03 3.299900044375451806e-03
-8.865408897399902344e-01 -4.246880710124969482e-01 3.501085710955858556e-03 -3.648271960803646519e-03
9.999273419380187988e-01 8.553950786590576172e-01 -2.019501828333700611e-03 -6.207507182845210456e-04
-9.998481273651123047e-01 -9.991816282272338867e-01 -2.671632689668930211e-03 -4.910871140949805459e-03
-8.601436018943786621e-01 -9.982125759124755859e-01 1.547300860168062363e-03 -3.866287865552063985e-03
1.000000000000000000e+00 7.936416864395141602e-01 -2.196101502070275761e-03 -3.125026275184849232e-03
-8.373035788536071777e-01 -6.446295976638793945e-01 -7.829642869747587691e-04 -1.704897453992816354e-03
9.972811341285705566e-01 3.724846243858337402e-01 7.170337405398140990e-04 -9.923238695682713717e-05
1.000000000000000000e+00 7.651078701019287109e-01 8.818957489861410648e-04 -4.474393560421035219e-03
9.999999403953552246e-01 -2.799301743507385254e-01 1.208896856685368580e-03 -2.115364024885710899e-03
9.998953342437744141e-01 6.465894579887390137e-01 4.030589564368314455e-03 -9.656712596961426059e-04
1.000000119209289551e+00 2.920894883573055267e-02 3.530131725481617209e-03 -4.028801035577228920e-03
9.996619820594787598e-01 7.841815948486328125e-01 2.734053093668612974e-03 -3.728328143023340938e-03
9.999997019767761230e-01 7.955904603004455566e-01 2.763345063508667460e-03 -7.593043842814718031e-04
1.000000000000000000e+00 2.736405730247497559e-01 1.714177432229353759e-03 2.299057169463329837e-03
9.999988079071044922e-01 9.699032306671142578e-01 2.537178653490393919e-03 -2.335564605229799480e-03
9.997601509094238281e-01 4.173865616321563721e-01 -1.843619885149121434e-03 -3.956879486542388795e-03
9.831967353820800781e-01 -8.704252243041992188e-01 3.306809460022225138e-03 1.234976539999368614e-04
-9.999868869781494141e-01 -9.999899864196777344e-01 2.353860500449861393e-03 2.688701815964187648e-03
1.000000000000000000e+00 3.652608692646026611e-01 -3.657740905990020455e-03 2.326943564971295161e-03
9.839926362037658691e-01 -4.422196000814437866e-02 3.153247012858441389e-04 -3.596019650504309918e-03
9.999148249626159668e-01 -7.526567578315734863e-01 -1.834023316335169594e-03 -1.006910262360683275e-03
-9.999996423721313477e-01 -9.999763369560241699e-01 1.164112563809254625e-05 4.106876750658807439e-03
9.979049563407897949e-01 3.747278451919555664e-01 -3.296395243208391067e-03 4.916517909496215775e-03
8.005771040916442871e-01 6.562228202819824219e-01 6.258559135726027983e-04 -2.641832369477986608e-03
8.900354504585266113e-01 -9.008875489234924316e-01 1.630058394990909973e-03 1.675882638400454094e-03
-2.885953485965728760e-01 -6.374267339706420898e-01 -3.929698740920530356e-04 2.411060922651257071e-03
9.998720288276672363e-01 3.529115915298461914e-01 -4.398720200255827606e-03 4.270147877572173963e-03
9.999998807907104492e-01 7.978051900863647461e-01 2.339980141962794136e-03 -4.947170125445589546e-03
-8.522677421569824219e-01 -9.999928474426269531e-01 9.141077072053697267e-05 -4.304453955148069763e-03
-9.287466406822204590e-01 -9.708140492439270020e-01 1.540499110856633630e-03 -3.385164834171426780e-03
1.000000000000000000e+00 5.350477099418640137e-01 2.176889185212502013e-03 5.950322352997836767e-04
9.999995231628417969e-01 9.185091853141784668e-01 -3.977178916834268711e-03 3.987094737799256640e-03
9.999997019767761230e-01 9.813565015792846680e-01 -3.512751123216350906e-03 9.207453552948306058e-04
1.000000000000000000e+00 1.587486565113067627e-01 1.319300843092301515e-03 -2.635693878257248327e-03
7.723931670188903809e-01 3.083936683833599091e-02 -3.541249682746431225e-03 4.135792637655756436e-03
9.999162554740905762e-01 1.592079252004623413e-01 3.366999632982190828e-03 -3.003964328236048611e-03
9.999620318412780762e-01 -7.696373462677001953e-01 -2.330804871480381905e-03 -3.110953100265171668e-03
9.999068379402160645e-01 8.265783786773681641e-01 -3.773173905974389584e-03 3.815467180614997254e-03
9.999977350234985352e-01 2.963099777698516846e-01 2.480078767779939596e-03 4.432329015351934610e-03
1.000000000000000000e+00 -5.944646000862121582e-01 -3.703898840728134852e-03 -1.192261424322378464e-03
1.000000000000000000e+00 7.280410528182983398e-01 4.536602281157302123e-03 -1.378150157570299118e-03
9.996657967567443848e-01 -1.873606350272893906e-03 1.694463120916422059e-03 3.472439518438644353e-03
-9.998908638954162598e-01 -9.875680804252624512e-01 -3.263715680036194389e-03 -3.530827798595721507e-03
9.999584555625915527e-01 1.317597627639770508e-01 4.734788602375185514e-03 -2.867840685836883351e-03
1.000000000000000000e+00 3.583962023258209229e-01 -4.551845883544488984e-03 7.400364240407412281e-04
-9.107980728149414062e-01 -9.999651908874511719e-01 9.401302497583034073e-04 -1.170085822131296163e-03
9.999848008155822754e-01 1.888832151889801025e-01 2.185552971795971279e-03 -2.963702622344843978e-03
9.985235333442687988e-01 3.014510273933410645e-01 1.379695452776386055e-03 4.998624941975264406e-03
1.000000000000000000e+00 2.817478477954864502e-01 -2.169563975794926852e-04 -4.745855013192565308e-03
1.000000000000000000e+00 2.128589451313018799e-01 4.896870361232865884e-04 -2.952925940332369603e-03
9.993849992752075195e-01 1.991015523672103882e-01 4.659378246178412335e-03 6.461002406823760855e-04
8.556790947914123535e-01 4.124070107936859131e-01 1.915593725930288260e-03 -4.992014231222198853e-04
9.970014095306396484e-01 3.208653926849365234e-01 -9.823478382246899135e-04 1.200125260295853251e-03
9.999949336051940918e-01 3.095023036003112793e-01 2.566420391391611641e-04 -2.917215402399439203e-04
1.000000000000000000e+00 1.196648478507995605e-01 -3.561524848844649458e-03 -4.577337220246788588e-03
9.989299178123474121e-01 5.068255066871643066e-01 -2.860792704764812070e-03 -1.625402214923299393e-03
-9.962295293807983398e-01 -9.540383219718933105e-01 2.130579821590322318e-03 -1.766574068211724819e-03
9.999998807907104492e-01 -4.761959984898567200e-02 -9.514937245514547282e-04 -2.506423548383779603e-03
1.000000000000000000e+00 -8.082935586571693420e-03 3.839997181193997682e-03 2.307153334487645202e-05
9.952126741409301758e-01 -8.422922492027282715e-01 3.051315129126417648e-03 -3.123491890037823765e-03
1.000000000000000000e+00 7.466962933540344238e-01 4.363197251033428502e-03 3.309159725220593533e-03
1.000000000000000000e+00 3.617697656154632568e-01 3.590796818420863463e-03 -4.289734465394738280e-03
1.000000000000000000e+00 3.989230096340179443e-01 3.453751618180810924e-03 -1.591168465096312167e-03
9.997651576995849609e-01 7.051643133163452148e-01 -3.703598033101472738e-03 -2.344635539940971136e-03
-9.999996423721313477e-01 -9.999848604202270508e-01 3.089787101467602638e-03 -4.277367793460915696e-03
9.999895095825195312e-01 7.898350358009338379e-01 2.251140897367225231e-03 -3.948284692549553984e-03
1.000000000000000000e+00 5.912421345710754395e-01 3.423444841493278150e-03 4.238656109587692587e-03
1.000000119209289551e+00 -4.087013602256774902e-01 -4.194954705088946301e-04 -1.337263266744385254e-03
9.999866485595703125e-01 9.248008131980895996e-01 -3.745131804540315947e-03 3.799183930794139928e-03
9.999998807907104492e-01 7.639669775962829590e-01 3.148415433637666468e-03 7.683833106482988382e-04
-9.996515512466430664e-01 -9.943811297416687012e-01 -2.983603545720544745e-03 4.386979681627965061e-04
9.998844861984252930e-01 -7.144032120704650879e-01 3.029383014302216605e-03 -4.253201684293730911e-03
9.999746680259704590e-01 6.484463214874267578e-01 -9.033050439974056253e-04 -2.439728195512852384e-03
