9.999883770942687988e-01 -7.463176250457763672e-01 3.546848957773227930e-03 7.355905834370247628e-04
9.985496997833251953e-01 4.361291825771331787e-01 1.558290851352141064e-03 -1.619229197016471954e-03
7.249870896339416504e-01 4.513351246714591980e-02 1.378129928024992429e-03 -3.561990322994141971e-03
1.000000000000000000e+00 1.824186593294143677e-01 -9.506492407096445163e-04 2.290240256910308810e-03
1.000000000000000000e+00 -4.431446194648742676e-01 1.721901749777385651e-03 -2.044658220095924104e-03
9.999998211860656738e-01 3.560394346714019775e-01 -3.139783260691524514e-03 4.224376792231213963e-03
9.999989867210388184e-01 2.813462615013122559e-01 5.456669929168513761e-05 -1.910614470880941593e-04
6.796497702598571777e-01 -6.082138419151306152e-02 -3.184599549324328410e-03 -1.769119785430939458e-03
1.000000000000000000e+00 -2.024238556623458862e-01 1.870325028553890094e-03 4.998744508613606370e-03
1.000000000000000000e+00 -5.596598982810974121e-01 1.434456753309898587e-03 -1.014581072143943240e-03
1.000000000000000000e+00 -5.835621953010559082e-01 -1.789436451692406720e-03 -1.793214760178270164e-03
1.000000000000000000e+00 -5.094752311706542969e-01 2.337370234352653675e-03 -4.435038394353070686e-03
7.288207411766052246e-01 6.309387274086475372e-03 8.621579165234427578e-04 6.872416097275122968e-04
1.000000000000000000e+00 2.639131844043731689e-01 1.229331192251225530e-03 -1.412320650671210383e-03
1.000000000000000000e+00 -4.138425886631011963e-01 -4.795041433674910106e-04 -1.227427672023658628e-03
9.999927878379821777e-01 3.880226612091064453e-01 2.790289863907518923e-03 -1.120460484113351609e-03
5.463369488716125488e-01 1.964712888002395630e-02 -2.295558503707550990e-03 -4.618400069253737229e-03
1.000000000000000000e+00 -8.718648552894592285e-02 3.880753729727738112e-03 -4.947540423344802193e-03
1.000000000000000000e+00 -5.783345103263854980e-01 -2.186925571142607320e-03 4.261176468263755228e-03
1.000000000000000000e+00 3.879860043525695801e-01 2.377611846031389004e-03 -4.566773549297489104e-03
9.999997019767761230e-01 3.077175319194793701e-01 2.093483870814808433e-03 -4.975241566079223465e-03
1.000000000000000000e+00 3.814343810081481934e-01 -4.471493588874030263e-03 3.245425244585964895e-03
6.328264474868774414e-01 -1.052541956305503845e-01 3.680484171373308265e-03 -1.546015116931485304e-03
9.999925494194030762e-01 3.019756972789764404e-01 -1.996329000653519585e-03 -3.783064679326720789e-03
9.999923706054687500e-01 3.867258131504058838e-01 -3.862078172250236335e-03 -2.064825461640249632e-03
1.000000000000000000e+00 -5.321180224418640137e-01 -2.776963967993513385e-03 4.767946636473775930e-03
1.000000000000000000e+00 1.436437815427780151e-01 -4.835968621922552037e-03 9.388693429475602689e-04
1.000000000000000000e+00 4.215303957462310791e-01 -3.238185604761204851e-03 -9.396645802287138111e-05
8.080489039421081543e-01 -4.383737221360206604e-02 -4.331904059483905785e-03 2.261648861381283793e-03
9.998530149459838867e-01 -3.767832815647125244e-01 -4.211240660238194621e-03 3.099336983116040244e-03
1.000000000000000000e+00 -5.892502069473266602e-01 2.100141433412147131e-03 -6.734687908098481446e-04
1.000000000000000000e+00 -6.041144132614135742e-01 3.007354999719656294e-04 -2.241780526193635180e-03
1.000000000000000000e+00 -2.682854235172271729e-01 -2.582058915809968148e-03 4.290041838127165406e-03
1.000000000000000000e+00 -5.199964046478271484e-01 -2.888035064367989839e-03 2.333659839946133560e-04
1.000000000000000000e+00 -2.112956494092941284e-01 3.178837191057256283e-03 -1.066472195154770548e-03
1.000000000000000000e+00 2.052913010120391846e-01 -9.159182454449282113e-05 4.239622940318825590e-03
6.081979870796203613e-01 -8.924535661935806274e-02 3.013593065356198926e-03 7.120144938953451574e-04
1.000000000000000000e+00 -5.789121389389038086e-01 1.485618533903987175e-03 8.585743218751393582e-04
1.000000000000000000e+00 -1.751868575811386108e-01 -4.834815465251872738e-03 -3.333902088218454809e-04
6.354624629020690918e-01 -6.158020719885826111e-02 2.857781863567992499e-03 1.196336969860596448e-03
1.000000000000000000e+00 -4.823254942893981934e-01 4.672877796566099300e-03 4.881502889911358382e-03
6.414973735809326172e-01 -5.580881144851446152e-03 -1.636553125458477601e-03 4.587402545114301761e-04
1.000000000000000000e+00 3.581175208091735840e-01 2.662623002215992393e-03 4.673390205818097297e-03
1.000000000000000000e+00 -5.510070323944091797e-01 -5.376855720548353451e-04 -3.257523736301812939e-03
9.999998211860656738e-01 -5.236437320709228516e-01 4.415704851315036157e-03 4.849252635565235066e-03
9.999732971191406250e-01 -4.379416406154632568e-01 1.890139811452985416e-03 7.590678543089816183e-04
5.347656607627868652e-01 -6.314798723906278610e-03 2.440320697314504045e-03 1.056291523963204422e-03
9.998900294303894043e-01 9.811018705368041992e-01 -2.824785031642386424e-04 -2.382944278090929312e-03
6.897106766700744629e-01 -1.370703708380460739e-02 4.004863276757309777e-03 -1.197027885777151961e-03
7.247004508972167969e-01 -1.619157753884792328e-02 4.208227640317983680e-03 -2.495991709139180458e-03
5.373843908309936523e-01 -1.672017276287078857e-01 4.044917072330764078e-03 3.570978291744253581e-03
9.999641180038452148e-01 9.009974598884582520e-01 -2.805613734026130013e-03 2.290108303714799738e-03
1.000000000000000000e+00 1.792335361242294312e-01 4.841047493291022845e-03 4.608494449107437309e-03
9.999981522560119629e-01 6.555681228637695312e-01 3.326805818615600173e-03 2.225055345397280310e-03
4.627364873886108398e-01 2.205671509727835655e-03 1.722695302001938863e-03 -3.382568042564485650e-03
9.999882578849792480e-01 -4.516581296920776367e-01 1.144891649415205083e-03 1.466754361387831787e-03
9.995237588882446289e-01 -3.105758428573608398e-01 -8.124957911974112906e-05 3.593841275683247460e-04
6.571045517921447754e-01 -3.415364027023315430e-01 -3.447026301751907919e-03 4.547950273888620373e-04
9.999998807907104492e-01 3.139452338218688965e-01 1.356670767970817940e-03 4.494887115468523126e-05
4.089541733264923096e-01 -5.426509305834770203e-02 -2.569189869104157066e-03 -3.548622447303154993e-03
6.289097666740417480e-01 5.150366574525833130e-02 3.980325185134639225e-03 -4.820893960421014125e-03
1.000000000000000000e+00 -5.826441645622253418e-01 2.826043397350402019e-03 2.919501559478302789e-03
1.000000000000000000e+00 -4.742862582206726074e-01 -4.186078917832861991e-03 1.686178507834277217e-03
1.000000000000000000e+00 4.548975825309753418e-01 7.210311181597654079e-04 3.214150873309339594e-03
1.000000000000000000e+00 3.905504047870635986e-01 -3.257165042857366327e-03 1.711660911188428794e-04
5.512619018554687500e-01 -1.966614276170730591e-01 -6.810130554198261243e-04 3.054132198407280389e-03
1.000000000000000000e+00 -6.091389060020446777e-01 -7.576496676371669015e-04 -4.196797101750446117e-03
6.522538065910339355e-01 -3.500088155269622803e-01 5.108079463131808690e-04 -4.824085515931290404e-03
9.999943375587463379e-01 -4.748009443283081055e-01 6.296684460414024923e-04 4.187390777407315641e-03
6.764625310897827148e-01 2.574685774743556976e-02 -3.330024869705001597e-03 -1.470249759618204137e-03
9.999998807907104492e-01 3.839304447174072266e-01 -2.171900204740187957e-03 -2.980888751985742886e-03
1.000000000000000000e+00 3.231042027473449707e-01 2.847624246290178344e-03 4.236220570739238599e-03
6.156992316246032715e-01 -1.138698905706405640e-01 -3.728453798914852305e-03 -3.580410500131426740e-03
9.999998211860656738e-01 -5.944514274597167969e-01 -2.366920501388918453e-03 4.114922600959914668e-03
1.000000000000000000e+00 4.388985335826873779e-01 -3.929868810878842794e-03 -1.744477900941930788e-03
5.864282846450805664e-01 -2.071229368448257446e-02 -5.677921592979438825e-04 -8.360108430692592477e-04
1.000000000000000000e+00 -6.042135953903198242e-01 -2.587925657785330579e-03 4.718922281456397645e-03
9.923839569091796875e-01 -1.346936374902725220e-01 -3.023971743435207790e-04 1.901954683664754120e-03
1.000000000000000000e+00 -5.273939371109008789e-01 4.436743916258942787e-03 3.822195502089534465e-03
9.999998211860656738e-01 -5.936255455017089844e-01 4.737271638949281001e-03 -3.525228803959654968e-03
1.000000000000000000e+00 -5.942144393920898438e-01 -3.140377859106980619e-03 -3.382804724857425491e-03
4.260722100734710693e-01 -5.734546110033988953e-02 -3.571665463028316119e-03 1.215388778348001041e-03
6.323460340499877930e-01 -1.195108443498611450e-01 -1.103665919720536043e-05 9.745189865482464797e-04
9.999997019767761230e-01 3.861638009548187256e-01 -4.970291191798388748e-03 -9.472409882425505273e-04
1.000000000000000000e+00 3.259899020195007324e-01 4.616612589729334783e-03 -2.846875748746288074e-03
1.000000000000000000e+00 -6.004150509834289551e-01 8.585749996052327582e-04 -1.031624481013375914e-03
5.531772375106811523e-01 -1.359718739986419678e-01 4.494806257145141613e-03 -1.969481497657426909e-03
1.000000000000000000e+00 8.755681663751602173e-02 3.743071977475945396e-03 -3.391725950934102243e-03
9.999941587448120117e-01 4.655736684799194336e-01 1.282439214975200636e-03 -2.626561141079846069e-03
1.000000000000000000e+00 -4.603176116943359375e-01 -2.822593975513273436e-03 -2.433221235949582090e-03
9.999461174011230469e-01 9.593952298164367676e-01 4.877149944537344066e-03 4.193439734878204490e-03
9.999808669090270996e-01 6.337674856185913086e-01 2.732823722308597159e-03 3.062352352733500351e-03
1.000000000000000000e+00 2.673134207725524902e-01 -2.132637179434757578e-03 -3.130580047847409189e-03
1.000000000000000000e+00 -3.023232221603393555e-01 -4.277118443815751403e-03 -2.078198116080396448e-03
5.797024369239807129e-01 -1.727696508169174194e-01 -4.714268982424921553e-04 -4.050876554355628371e-03
6.444033980369567871e-01 -3.879742324352264404e-01 -8.440814970629983982e-04 -4.928130804773409555e-03
1.000000000000000000e+00 3.669281601905822754e-01 -1.651628864073572279e-03 -1.168883754644080199e-03
1.000000000000000000e+00 -5.441335439682006836e-01 -3.511058918178040604e-03 -3.775298203221635548e-03
1.000000000000000000e+00 3.527291119098663330e-01 -4.632282981048216342e-03 1.929905125262522565e-03
1.000000000000000000e+00 3.226994574069976807e-01 -2.614589007376302322e-03 4.174816707416332574e-03
