3.806564584374427795e-02 1.602369382075264845e-03
3.806564584374427795e-02 2.683922284372127452e-03
3.806564584374427795e-02 -3.686145611267207904e-03
3.806564584374427795e-02 -4.660737422791279283e-04
-1.999997854232788086e+00 1.018311765613125891e-03
1.999994754791259766e+00 -7.101902426728343848e-04
-2.000000000000000000e+00 -2.255423063781573229e-03
-2.000000000000000000e+00 -4.632145049424189406e-03
-1.999548316001892090e+00 1.488338695737070026e-03
-2.000000000000000000e+00 -3.280451889523379200e-03
-2.000000000000000000e+00 -1.453833013414698033e-04
-2.000000000000000000e+00 1.187614980053611213e-04
-2.000000000000000000e+00 -9.570138707475752196e-04
-2.000000000000000000e+00 4.436812764883020684e-03
-1.886353254318237305e+00 4.338641548103924946e-03
-1.176995635032653809e+00 4.008205434028084234e-03
-2.000000000000000000e+00 1.550103706989923794e-03
2.000000000000000000e+00 -3.493970671354894742e-03
2.000000000000000000e+00 -1.530928186910004377e-03
1.994336247444152832e+00 -1.831953939758688282e-03
-1.999896764755249023e+00 -3.931334741112214870e-03
-2.000000000000000000e+00 -2.829463833039579535e-03
-2.000000000000000000e+00 -4.960839617166580735e-03
-2.000000000000000000e+00 1.717538152289930023e-03
-2.000000000000000000e+00 -3.743602541811166633e-03
-2.000000000000000000e+00 2.650171445731607650e-03
-1.998825073242187500e+00 4.340733630405764314e-03
-2.000000000000000000e+00 -3.461132450865623059e-03
-1.999980211257934570e+00 4.375827449659956507e-03
-2.000000000000000000e+00 -3.740948361065437114e-03
1.923095583915710449e+00 3.938657902580179788e-03
-1.999995231628417969e+00 -2.375130500526591998e-03
1.978882670402526855e+00 -3.053628945322026458e-04
-2.000000000000000000e+00 -4.975479282992450319e-03
1.999997019767761230e+00 -1.900292759103239075e-03
-2.000000000000000000e+00 -6.099389834610217942e-04
-2.000000000000000000e+00 3.170834716645322925e-03
-2.000000000000000000e+00 4.991098174471617945e-03
-2.000000000000000000e+00 -2.068112262537775796e-03
-2.000000000000000000e+00 -4.125078278969284210e-03
-1.998767614364624023e+00 -4.172405281198879844e-03
-1.999993562698364258e+00 -4.089725611906670950e-03
-2.000000000000000000e+00 3.533779087074760510e-03
-1.995423197746276855e+00 -4.848989979590013870e-03
-1.999986052513122559e+00 1.893143613403570902e-03
1.892239332199096680e+00 7.480031149374967089e-04
4.070893228054046631e-01 -4.205015887821031417e-04
-2.000000000000000000e+00 4.017364146409675880e-03
-2.000000000000000000e+00 -4.072437484693139723e-03
-1.997797846794128418e+00 4.501375941825115461e-03
-2.000000000000000000e+00 3.488294773030133251e-03
1.999998927116394043e+00 -4.381821134297342497e-03
-1.999996304512023926e+00 2.064198910482238809e-03
1.999882340431213379e+00 -2.104240498494055339e-03
1.999995112419128418e+00 3.889964746377267378e-03
-2.000000000000000000e+00 -1.937280209466888271e-03
-2.000000000000000000e+00 3.239442813060432712e-03
-2.000000000000000000e+00 3.292355126535080438e-03
1.999998927116394043e+00 -3.666751189135476589e-03
-2.000000000000000000e+00 -2.268609590251807924e-03
-1.525971293449401855e+00 -3.965343204009841652e-03
1.999999403953552246e+00 -4.591470766104253226e-03
-2.000000000000000000e+00 -4.462182769724836254e-03
-2.000000000000000000e+00 -5.191435897461604485e-04
-2.000000000000000000e+00 -2.198479108897438954e-03
1.620227813720703125e+00 -4.054883997139121718e-03
-2.000000000000000000e+00 -1.360999857517454070e-03
-2.000000000000000000e+00 2.950792167603174219e-03
-2.000000000000000000e+00 4.309239631055952584e-03
-2.000000000000000000e+00 4.748109931938869314e-03
-2.000000000000000000e+00 -4.256440557649644567e-03
-1.999361395835876465e+00 1.811141785954687236e-03
1.999663352966308594e+00 -4.924249563904851100e-03
1.999980330467224121e+00 1.033696371696850996e-03
-2.000000000000000000e+00 -2.935367734268530451e-03
-2.000000000000000000e+00 4.865054620115158608e-03
-2.000000000000000000e+00 4.592968853141882017e-03
-2.000000000000000000e+00 2.940004710832667435e-03
-2.000000000000000000e+00 3.631802338512716936e-03
1.999992132186889648e+00 2.468264899591447736e-04
1.660648703575134277e+00 5.248453792867343107e-04
-1.998767614364624023e+00 3.065428192585400134e-03
1.995239496231079102e+00 -3.229334954579353868e-03
-4.523124918341636658e-02 -5.309108550183936487e-04
-1.999732136726379395e+00 -1.187144178811403404e-03
2.000000000000000000e+00 3.705216872878371905e-03
-2.000000000000000000e+00 4.423797305757753463e-03
-1.996945977210998535e+00 -3.340268121499460202e-03
-2.000000000000000000e+00 9.871508072483783924e-04
2.000000000000000000e+00 3.090680062185969211e-03
1.999996662139892578e+00 5.078901991998610241e-04
-2.000000000000000000e+00 -3.135149798126802764e-03
-2.000000000000000000e+00 -9.114742263461985197e-04
-1.945700049400329590e+00 1.936793534665945220e-03
-2.000000000000000000e+00 -3.533013587603565410e-03
-1.999999642372131348e+00 8.591667731535678268e-04
-2.000000000000000000e+00 -9.734288975298674082e-04
-1.999969959259033203e+00 1.013837678061599128e-03
-2.000000000000000000e+00 1.807048101366682744e-03
-2.000000000000000000e+00 -3.568582377320409556e-03
