-4.017464071512222290e-02 -6.009972871658282589e-04
-4.017464071512222290e-02 -3.117403399803274616e-03
-4.017464071512222290e-02 2.856733605731996868e-03
-4.017464071512222290e-02 -4.863966557853095264e-03
2.000000000000000000e+00 -4.329108014419926972e-03
2.000000000000000000e+00 3.947594742953155177e-03
1.988280296325683594e+00 -3.418960857916493457e-05
-1.997364282608032227e+00 2.899533497741771555e-03
-2.000000000000000000e+00 -1.137650970474101287e-03
-2.000000000000000000e+00 2.212874455593615008e-03
2.000000000000000000e+00 2.252143405302832815e-04
2.000000000000000000e+00 -4.716529340153309720e-03
2.000000000000000000e+00 -4.163754107037724583e-03
-1.999859929084777832e+00 -2.889915766224667761e-03
2.000000000000000000e+00 3.601689754613454988e-04
-1.994521021842956543e+00 4.135741463383771528e-03
-7.886488437652587891e-01 3.209992869554951535e-03
1.982249975204467773e+00 2.086552899896855148e-03
2.000000000000000000e+00 -4.701337971828411892e-03
1.953660011291503906e+00 2.044801561331635424e-03
1.999897599220275879e+00 -3.363030806035980508e-03
-1.897846698760986328e+00 2.276524856977627138e-03
-2.000000000000000000e+00 4.792454432410051153e-03
2.000000000000000000e+00 -3.749394535121040872e-04
1.999978303909301758e+00 8.097217450223547983e-04
-2.000000000000000000e+00 9.241066769677917792e-05
-1.558938622474670410e+00 4.246385532502713021e-03
2.000000000000000000e+00 4.009705794594384774e-03
2.000000000000000000e+00 9.230502658472599167e-04
2.000000000000000000e+00 -3.247785701750350966e-03
-2.000000000000000000e+00 -3.341903589332108088e-03
-2.000000000000000000e+00 2.450032638649395078e-03
2.000000000000000000e+00 3.007183945490381378e-03
-1.998803853988647461e+00 3.392975991568555026e-03
-1.999994039535522461e+00 1.134884836721124744e-03
-1.999994874000549316e+00 -3.643679619752893464e-04
5.482742786407470703e-01 -9.454681350029555190e-04
-1.999999642372131348e+00 -5.298007698526004811e-04
1.864446043968200684e+00 9.843128404928439337e-04
2.000000000000000000e+00 -4.489730088358661469e-05
2.000000000000000000e+00 4.423420046089866255e-03
2.000000000000000000e+00 -1.508914249553512492e-03
2.000000000000000000e+00 7.746490878301039509e-04
2.000000000000000000e+00 -3.610829170821961906e-03
-2.000000000000000000e+00 -2.740800493783977949e-03
2.000000000000000000e+00 1.452837893855704089e-03
2.000000000000000000e+00 -3.811615061256544944e-03
-1.999999642372131348e+00 3.307905677422193734e-03
1.998922228813171387e+00 3.115799316282682162e-03
1.997371196746826172e+00 -3.390113381024108252e-04
-2.000000000000000000e+00 4.876709498212165005e-03
-2.000000000000000000e+00 -1.138594055145183276e-03
5.482742786407470703e-01 1.838852622994139110e-03
2.000000000000000000e+00 -2.726366909000856823e-03
1.688530206680297852e+00 1.841113972682115532e-03
2.000000000000000000e+00 1.577581643468935896e-03
1.999983429908752441e+00 2.168438633467183185e-03
1.999999165534973145e+00 -6.279009374493002907e-04
2.000000000000000000e+00 4.975038343679923265e-03
2.000000000000000000e+00 3.403298584230349776e-03
1.999964594841003418e+00 3.419302503926830751e-03
2.000000000000000000e+00 -4.760970985174658651e-03
-1.999999642372131348e+00 -2.878598086054611361e-03
-1.982200622558593750e+00 6.849078463999364735e-05
-2.000000000000000000e+00 -2.907792660555689329e-03
-1.841404557228088379e+00 3.584725081725408970e-03
-1.154458284378051758e+00 4.741244004791453186e-03
2.000000000000000000e+00 3.895958336802367826e-03
1.999996900558471680e+00 1.796815291356153831e-03
-1.999965786933898926e+00 -2.324333331281960239e-03
-2.000000000000000000e+00 -3.095295818522270440e-03
-1.873780369758605957e+00 -4.374559660563657679e-04
-1.999999523162841797e+00 1.267925618857142223e-03
1.995530843734741211e+00 4.241061131693810334e-03
1.999294638633728027e+00 -3.642826281430191701e-03
2.000000000000000000e+00 3.788376361193598017e-03
1.959532022476196289e+00 -4.852356857091859668e-03
1.953660011291503906e+00 -3.111482711094708774e-03
-2.000000000000000000e+00 -4.384661351654186440e-03
-1.999999046325683594e+00 -3.924676603518879175e-03
-1.999999880790710449e+00 9.186268725499754928e-04
1.999948978424072266e+00 -2.750012808019853747e-04
-1.997851729393005371e+00 7.649360881371893017e-04
-1.999999880790710449e+00 5.564292680755519860e-04
2.000000000000000000e+00 -2.276612827747645073e-03
2.000000000000000000e+00 -1.513891700561830183e-03
2.000000000000000000e+00 2.172857568819657435e-03
1.033256053924560547e+00 2.395437141460906617e-03
1.999996423721313477e+00 2.403679193264257608e-03
2.000000000000000000e+00 4.002384670360449766e-03
1.999996662139892578e+00 5.533702464438601878e-04
2.000000000000000000e+00 -4.998107441104054222e-03
2.000000000000000000e+00 -3.554151611083154749e-04
-2.000000000000000000e+00 3.666809780134695600e-03
1.997064590454101562e+00 -3.945024730972185659e-03
-1.999967694282531738e+00 -2.386115031615938450e-03
2.000000000000000000e+00 4.227458854248995236e-03
-1.999999046325683594e+00 4.736328056455618545e-03
-2.000000000000000000e+00 7.525100005249980850e-04
2.000000000000000000e+00 -1.886190704310480859e-03
