3.758756220340728760e-01 0.000000000000000000e+00
3.704965412616729736e-01 5.235987755982988157e-01
3.749534785747528076e-01 1.047197551196597631e+00
3.828704655170440674e-01 1.570796326794896558e+00
7.957447320222854614e-02 2.094395102393195263e+00
9.391433745622634888e-02 2.617993877991494411e+00
1.830527484416961670e-01 3.141592653589793116e+00
6.197318434715270996e-01 3.665191429188091821e+00
9.967650175094604492e-01 4.188790204786390525e+00
1.986130833625793457e+00 4.712388980384689674e+00
2.299532890319824219e+00 5.235987755982988823e+00
2.560394763946533203e+00 5.759586531581287083e+00
2.416876792907714844e+00 0.000000000000000000e+00
1.000064373016357422e+00 5.235987755982988157e-01
2.904161512851715088e-01 1.047197551196597631e+00
1.814006268978118896e-01 1.570796326794896558e+00
7.237712293863296509e-02 2.094395102393195263e+00
9.635219722986221313e-02 2.617993877991494411e+00
1.986317187547683716e-01 3.141592653589793116e+00
5.705834031105041504e-01 3.665191429188091821e+00
1.001342654228210449e+00 4.188790204786390525e+00
1.968896746635437012e+00 4.712388980384689674e+00
2.288518190383911133e+00 5.235987755982988823e+00
2.576234817504882812e+00 5.759586531581287083e+00
2.366179943084716797e+00 0.000000000000000000e+00
9.488608837127685547e-01 5.235987755982988157e-01
3.021136224269866943e-01 1.047197551196597631e+00
1.817642599344253540e-01 1.570796326794896558e+00
7.846301794052124023e-02 2.094395102393195263e+00
9.304109960794448853e-02 2.617993877991494411e+00
1.992699950933456421e-01 3.141592653589793116e+00
5.888212919235229492e-01 3.665191429188091821e+00
9.825056195259094238e-01 4.188790204786390525e+00
1.964186072349548340e+00 4.712388980384689674e+00
2.298947334289550781e+00 5.235987755982988823e+00
2.538804292678833008e+00 5.759586531581287083e+00
2.376954555511474609e+00 0.000000000000000000e+00
9.040989279747009277e-01 5.235987755982988157e-01
2.768693566322326660e-01 1.047197551196597631e+00
1.821101754903793335e-01 1.570796326794896558e+00
7.962292432785034180e-02 2.094395102393195263e+00
9.596659988164901733e-02 2.617993877991494411e+00
1.956376135349273682e-01 3.141592653589793116e+00
5.853307843208312988e-01 3.665191429188091821e+00
9.890142083168029785e-01 4.188790204786390525e+00
1.961411714553833008e+00 4.712388980384689674e+00
2.294329166412353516e+00 5.235987755982988823e+00
2.544917345046997070e+00 5.759586531581287083e+00
2.355042457580566406e+00 0.000000000000000000e+00
9.248241782188415527e-01 5.235987755982988157e-01
2.881731986999511719e-01 1.047197551196597631e+00
1.795937716960906982e-01 1.570796326794896558e+00
7.930645346641540527e-02 2.094395102393195263e+00
9.548863768577575684e-02 2.617993877991494411e+00
2.118603438138961792e-01 3.141592653589793116e+00
5.949165821075439453e-01 3.665191429188091821e+00
9.602892994880676270e-01 4.188790204786390525e+00
1.973174929618835449e+00 4.712388980384689674e+00
2.305060863494873047e+00 5.235987755982988823e+00
2.559311866760253906e+00 5.759586531581287083e+00
2.339310646057128906e+00 0.000000000000000000e+00
8.781741857528686523e-01 5.235987755982988157e-01
2.854013442993164062e-01 1.047197551196597631e+00
1.813633292913436890e-01 1.570796326794896558e+00
8.170726895332336426e-02 2.094395102393195263e+00
9.894037246704101562e-02 2.617993877991494411e+00
2.025634348392486572e-01 3.141592653589793116e+00
6.069490313529968262e-01 3.665191429188091821e+00
9.540538787841796875e-01 4.188790204786390525e+00
1.984975337982177734e+00 4.712388980384689674e+00
2.302641630172729492e+00 5.235987755982988823e+00
2.557990789413452148e+00 5.759586531581287083e+00
2.392418861389160156e+00 0.000000000000000000e+00
8.905500173568725586e-01 5.235987755982988157e-01
2.730467319488525391e-01 1.047197551196597631e+00
1.771558672189712524e-01 1.570796326794896558e+00
8.300314098596572876e-02 2.094395102393195263e+00
9.581635147333145142e-02 2.617993877991494411e+00
1.965657770633697510e-01 3.141592653589793116e+00
6.103962063789367676e-01 3.665191429188091821e+00
1.000690817832946777e+00 4.188790204786390525e+00
1.977872967720031738e+00 4.712388980384689674e+00
2.302679061889648438e+00 5.235987755982988823e+00
2.578982353210449219e+00 5.759586531581287083e+00
2.295776128768920898e+00 0.000000000000000000e+00
9.350649714469909668e-01 5.235987755982988157e-01
3.027321994304656982e-01 1.047197551196597631e+00
1.810081303119659424e-01 1.570796326794896558e+00
8.026255667209625244e-02 2.094395102393195263e+00
9.724218398332595825e-02 2.617993877991494411e+00
2.007774859666824341e-01 3.141592653589793116e+00
6.168955564498901367e-01 3.665191429188091821e+00
9.755212664604187012e-01 4.188790204786390525e+00
1.969222068786621094e+00 4.712388980384689674e+00
2.296007394790649414e+00 5.235987755982988823e+00
2.563223838806152344e+00 5.759586531581287083e+00
2.371124267578125000e+00 0.000000000000000000e+00
9.271289706230163574e-01 5.235987755982988157e-01
2.951373755931854248e-01 1.047197551196597631e+00
1.794988512992858887e-01 1.570796326794896558e+00
8.078084886074066162e-02 2.094395102393195263e+00
9.732288867235183716e-02 2.617993877991494411e+00
2.078220248222351074e-01 3.141592653589793116e+00
6.041520237922668457e-01 3.665191429188091821e+00
9.518101811408996582e-01 4.188790204786390525e+00
1.964641451835632324e+00 4.712388980384689674e+00
2.291822910308837891e+00 5.235987755982988823e+00
2.570148229598999023e+00 5.759586531581287083e+00
2.327416419982910156e+00 0.000000000000000000e+00
9.585533738136291504e-01 5.235987755982988157e-01
3.027500808238983154e-01 1.047197551196597631e+00
1.785945594310760498e-01 1.570796326794896558e+00
8.090300112962722778e-02 2.094395102393195263e+00
1.004031226038932800e-01 2.617993877991494411e+00
2.013610154390335083e-01 3.141592653589793116e+00
5.948240160942077637e-01 3.665191429188091821e+00
1.020362377166748047e+00 4.188790204786390525e+00
1.987485408782958984e+00 4.712388980384689674e+00
2.287716388702392578e+00 5.235987755982988823e+00
2.555788755416870117e+00 5.759586531581287083e+00
