1.272659778594970703e+00 0.000000000000000000e+00
1.281353354454040527e+00 5.235987755982988157e-01
1.273504853248596191e+00 1.047197551196597631e+00
1.247235059738159180e+00 1.570796326794896558e+00
1.227728277444839478e-01 2.094395102393195263e+00
1.635216921567916870e-01 2.617993877991494411e+00
4.366767108440399170e-01 3.141592653589793116e+00
1.183302521705627441e+00 3.665191429188091821e+00
1.681549549102783203e+00 4.188790204786390525e+00
2.658848762512207031e+00 4.712388980384689674e+00
4.237020969390869141e+00 5.235987755982988823e+00
4.420530319213867188e+00 5.759586531581287083e+00
4.283962249755859375e+00 0.000000000000000000e+00
3.012112855911254883e+00 5.235987755982988157e-01
7.856661677360534668e-01 1.047197551196597631e+00
2.929691374301910400e-01 1.570796326794896558e+00
1.293900907039642334e-01 2.094395102393195263e+00
1.719650477170944214e-01 2.617993877991494411e+00
4.623614847660064697e-01 3.141592653589793116e+00
1.191074848175048828e+00 3.665191429188091821e+00
1.646678805351257324e+00 4.188790204786390525e+00
2.659067153930664062e+00 4.712388980384689674e+00
4.230056285858154297e+00 5.235987755982988823e+00
4.422985553741455078e+00 5.759586531581287083e+00
4.300292491912841797e+00 0.000000000000000000e+00
2.944718599319458008e+00 5.235987755982988157e-01
7.175926566123962402e-01 1.047197551196597631e+00
2.936013936996459961e-01 1.570796326794896558e+00
1.323286890983581543e-01 2.094395102393195263e+00
1.657485514879226685e-01 2.617993877991494411e+00
4.447436928749084473e-01 3.141592653589793116e+00
1.204372763633728027e+00 3.665191429188091821e+00
1.659598708152770996e+00 4.188790204786390525e+00
2.637963056564331055e+00 4.712388980384689674e+00
4.221342086791992188e+00 5.235987755982988823e+00
4.413280963897705078e+00 5.759586531581287083e+00
4.323023319244384766e+00 0.000000000000000000e+00
2.983721017837524414e+00 5.235987755982988157e-01
7.610074281692504883e-01 1.047197551196597631e+00
3.120560348033905029e-01 1.570796326794896558e+00
1.309551596641540527e-01 2.094395102393195263e+00
1.702655553817749023e-01 2.617993877991494411e+00
4.428748786449432373e-01 3.141592653589793116e+00
1.252577781677246094e+00 3.665191429188091821e+00
1.710226297378540039e+00 4.188790204786390525e+00
2.724878311157226562e+00 4.712388980384689674e+00
4.212176322937011719e+00 5.235987755982988823e+00
4.403809070587158203e+00 5.759586531581287083e+00
4.276743888854980469e+00 0.000000000000000000e+00
2.981788635253906250e+00 5.235987755982988157e-01
7.716858386993408203e-01 1.047197551196597631e+00
2.881288826465606689e-01 1.570796326794896558e+00
1.378614455461502075e-01 2.094395102393195263e+00
1.647410690784454346e-01 2.617993877991494411e+00
4.479136466979980469e-01 3.141592653589793116e+00
1.192594408988952637e+00 3.665191429188091821e+00
1.711581230163574219e+00 4.188790204786390525e+00
2.629718780517578125e+00 4.712388980384689674e+00
4.215526103973388672e+00 5.235987755982988823e+00
4.405395030975341797e+00 5.759586531581287083e+00
4.263072013854980469e+00 0.000000000000000000e+00
2.869989871978759766e+00 5.235987755982988157e-01
8.218865990638732910e-01 1.047197551196597631e+00
3.071406781673431396e-01 1.570796326794896558e+00
1.358735412359237671e-01 2.094395102393195263e+00
1.604153513908386230e-01 2.617993877991494411e+00
4.624561667442321777e-01 3.141592653589793116e+00
1.197801351547241211e+00 3.665191429188091821e+00
1.736498713493347168e+00 4.188790204786390525e+00
2.726701259613037109e+00 4.712388980384689674e+00
4.234274864196777344e+00 5.235987755982988823e+00
4.426885604858398438e+00 5.759586531581287083e+00
4.295584678649902344e+00 0.000000000000000000e+00
2.832458972930908203e+00 5.235987755982988157e-01
7.738297581672668457e-01 1.047197551196597631e+00
2.919370234012603760e-01 1.570796326794896558e+00
1.384341865777969360e-01 2.094395102393195263e+00
1.652325093746185303e-01 2.617993877991494411e+00
4.323928654193878174e-01 3.141592653589793116e+00
1.196489810943603516e+00 3.665191429188091821e+00
1.728888154029846191e+00 4.188790204786390525e+00
2.636521100997924805e+00 4.712388980384689674e+00
4.243790626525878906e+00 5.235987755982988823e+00
4.412865638732910156e+00 5.759586531581287083e+00
4.265964508056640625e+00 0.000000000000000000e+00
2.854237318038940430e+00 5.235987755982988157e-01
7.608605027198791504e-01 1.047197551196597631e+00
2.847780287265777588e-01 1.570796326794896558e+00
1.378548294305801392e-01 2.094395102393195263e+00
1.658759862184524536e-01 2.617993877991494411e+00
4.347184598445892334e-01 3.141592653589793116e+00
1.160176873207092285e+00 3.665191429188091821e+00
1.644922494888305664e+00 4.188790204786390525e+00
2.661851167678833008e+00 4.712388980384689674e+00
4.232124328613281250e+00 5.235987755982988823e+00
4.421503543853759766e+00 5.759586531581287083e+00
4.261935234069824219e+00 0.000000000000000000e+00
2.977201223373413086e+00 5.235987755982988157e-01
7.646475434303283691e-01 1.047197551196597631e+00
3.068352937698364258e-01 1.570796326794896558e+00
1.377756744623184204e-01 2.094395102393195263e+00
1.644183397293090820e-01 2.617993877991494411e+00
4.251585602760314941e-01 3.141592653589793116e+00
1.212406277656555176e+00 3.665191429188091821e+00
1.660822629928588867e+00 4.188790204786390525e+00
2.759313344955444336e+00 4.712388980384689674e+00
4.213309288024902344e+00 5.235987755982988823e+00
4.421668052673339844e+00 5.759586531581287083e+00
4.263367176055908203e+00 0.000000000000000000e+00
2.822105169296264648e+00 5.235987755982988157e-01
7.577814459800720215e-01 1.047197551196597631e+00
2.820124030113220215e-01 1.570796326794896558e+00
1.370033472776412964e-01 2.094395102393195263e+00
1.693233847618103027e-01 2.617993877991494411e+00
4.236216843128204346e-01 3.141592653589793116e+00
1.216300725936889648e+00 3.665191429188091821e+00
1.611229658126831055e+00 4.188790204786390525e+00
2.710054874420166016e+00 4.712388980384689674e+00
4.213714599609375000e+00 5.235987755982988823e+00
4.428369998931884766e+00 5.759586531581287083e+00
