3.541358113288879395e-01 0.000000000000000000e+00
3.520876169204711914e-01 5.235987755982988157e-01
3.497001826763153076e-01 1.047197551196597631e+00
3.477289080619812012e-01 1.570796326794896558e+00
1.344687491655349731e-01 2.094395102393195263e+00
1.860270500183105469e-01 2.617993877991494411e+00
3.302517533302307129e-01 3.141592653589793116e+00
5.697473883628845215e-01 3.665191429188091821e+00
7.524884343147277832e-01 4.188790204786390525e+00
1.002557992935180664e+00 4.712388980384689674e+00
1.311485052108764648e+00 5.235987755982988823e+00
1.590002059936523438e+00 5.759586531581287083e+00
1.780938029289245605e+00 0.000000000000000000e+00
1.371283888816833496e+00 5.235987755982988157e-01
6.715936660766601562e-01 1.047197551196597631e+00
3.114355206489562988e-01 1.570796326794896558e+00
1.349603235721588135e-01 2.094395102393195263e+00
1.793919801712036133e-01 2.617993877991494411e+00
3.255672454833984375e-01 3.141592653589793116e+00
5.714988112449645996e-01 3.665191429188091821e+00
7.314417958259582520e-01 4.188790204786390525e+00
9.812358021736145020e-01 4.712388980384689674e+00
1.330194473266601562e+00 5.235987755982988823e+00
1.573798060417175293e+00 5.759586531581287083e+00
1.738735795021057129e+00 0.000000000000000000e+00
1.406808972358703613e+00 5.235987755982988157e-01
6.916500329971313477e-01 1.047197551196597631e+00
3.251671195030212402e-01 1.570796326794896558e+00
1.344227194786071777e-01 2.094395102393195263e+00
1.827635020017623901e-01 2.617993877991494411e+00
3.262329995632171631e-01 3.141592653589793116e+00
5.457819104194641113e-01 3.665191429188091821e+00
7.333090305328369141e-01 4.188790204786390525e+00
1.012131929397583008e+00 4.712388980384689674e+00
1.331203937530517578e+00 5.235987755982988823e+00
1.620832800865173340e+00 5.759586531581287083e+00
1.794248819351196289e+00 0.000000000000000000e+00
1.382409453392028809e+00 5.235987755982988157e-01
7.015734314918518066e-01 1.047197551196597631e+00
3.117042779922485352e-01 1.570796326794896558e+00
1.294565796852111816e-01 2.094395102393195263e+00
1.833106726408004761e-01 2.617993877991494411e+00
3.107501268386840820e-01 3.141592653589793116e+00
5.417861342430114746e-01 3.665191429188091821e+00
6.983181834220886230e-01 4.188790204786390525e+00
1.002569556236267090e+00 4.712388980384689674e+00
1.325110793113708496e+00 5.235987755982988823e+00
1.617560863494873047e+00 5.759586531581287083e+00
1.760846853256225586e+00 0.000000000000000000e+00
1.325138449668884277e+00 5.235987755982988157e-01
6.874867677688598633e-01 1.047197551196597631e+00
2.977733910083770752e-01 1.570796326794896558e+00
1.307681351900100708e-01 2.094395102393195263e+00
1.806728392839431763e-01 2.617993877991494411e+00
3.271113336086273193e-01 3.141592653589793116e+00
5.404329895973205566e-01 3.665191429188091821e+00
7.350873351097106934e-01 4.188790204786390525e+00
1.014569282531738281e+00 4.712388980384689674e+00
1.355452418327331543e+00 5.235987755982988823e+00
1.581915259361267090e+00 5.759586531581287083e+00
1.809174537658691406e+00 0.000000000000000000e+00
1.370001792907714844e+00 5.235987755982988157e-01
6.614876389503479004e-01 1.047197551196597631e+00
3.068031370639801025e-01 1.570796326794896558e+00
1.319104582071304321e-01 2.094395102393195263e+00
1.936615705490112305e-01 2.617993877991494411e+00
3.245679736137390137e-01 3.141592653589793116e+00
5.484876632690429688e-01 3.665191429188091821e+00
7.325962185859680176e-01 4.188790204786390525e+00
9.926627278327941895e-01 4.712388980384689674e+00
1.345817685127258301e+00 5.235987755982988823e+00
1.619345784187316895e+00 5.759586531581287083e+00
1.758779764175415039e+00 0.000000000000000000e+00
1.358381271362304688e+00 5.235987755982988157e-01
7.171819210052490234e-01 1.047197551196597631e+00
3.217028379440307617e-01 1.570796326794896558e+00
1.355206370353698730e-01 2.094395102393195263e+00
1.896824240684509277e-01 2.617993877991494411e+00
3.233370780944824219e-01 3.141592653589793116e+00
5.352923870086669922e-01 3.665191429188091821e+00
7.324603199958801270e-01 4.188790204786390525e+00
1.029348611831665039e+00 4.712388980384689674e+00
1.380715847015380859e+00 5.235987755982988823e+00
1.616280078887939453e+00 5.759586531581287083e+00
1.788499236106872559e+00 0.000000000000000000e+00
1.350078344345092773e+00 5.235987755982988157e-01
6.843947172164916992e-01 1.047197551196597631e+00
3.229536414146423340e-01 1.570796326794896558e+00
1.326773613691329956e-01 2.094395102393195263e+00
1.817388683557510376e-01 2.617993877991494411e+00
3.219451904296875000e-01 3.141592653589793116e+00
5.494267344474792480e-01 3.665191429188091821e+00
7.308476567268371582e-01 4.188790204786390525e+00
9.966461062431335449e-01 4.712388980384689674e+00
1.390599608421325684e+00 5.235987755982988823e+00
1.621001243591308594e+00 5.759586531581287083e+00
1.778893589973449707e+00 0.000000000000000000e+00
1.405309081077575684e+00 5.235987755982988157e-01
6.871611475944519043e-01 1.047197551196597631e+00
3.099366724491119385e-01 1.570796326794896558e+00
1.312012076377868652e-01 2.094395102393195263e+00
1.869256198406219482e-01 2.617993877991494411e+00
3.243693113327026367e-01 3.141592653589793116e+00
5.503003597259521484e-01 3.665191429188091821e+00
7.284798026084899902e-01 4.188790204786390525e+00
9.913444519042968750e-01 4.712388980384689674e+00
1.376333594322204590e+00 5.235987755982988823e+00
1.628613471984863281e+00 5.759586531581287083e+00
1.764272332191467285e+00 0.000000000000000000e+00
1.293364048004150391e+00 5.235987755982988157e-01
7.106275558471679688e-01 1.047197551196597631e+00
3.247713744640350342e-01 1.570796326794896558e+00
1.368806660175323486e-01 2.094395102393195263e+00
1.805898100137710571e-01 2.617993877991494411e+00
3.310140967369079590e-01 3.141592653589793116e+00
5.490454435348510742e-01 3.665191429188091821e+00
7.384173274040222168e-01 4.188790204786390525e+00
1.060785770416259766e+00 4.712388980384689674e+00
1.347321629524230957e+00 5.235987755982988823e+00
1.621479749679565430e+00 5.759586531581287083e+00
