2.692970335483551025e-01 -2.114270230131751888e-03
2.692970335483551025e-01 1.571880306802563715e-03
2.692970335483551025e-01 6.629437922858185880e-04
2.692970335483551025e-01 2.991166378385100126e-03
-2.000000000000000000e+00 -3.938006251415351183e-03
-2.000000000000000000e+00 4.259586087040362866e-03
-2.000000000000000000e+00 3.857136758357733973e-03
-2.000000000000000000e+00 -3.526646593157876583e-04
-2.000000000000000000e+00 1.959916283533180356e-03
-2.000000000000000000e+00 -2.652637014077837644e-03
-2.000000000000000000e+00 -4.326709822361971686e-03
1.935287714004516602e+00 2.995918957857752508e-03
-2.000000000000000000e+00 2.635959724114375451e-03
-2.000000000000000000e+00 -7.899857873309460918e-04
-2.000000000000000000e+00 -4.960861587860458666e-03
-2.000000000000000000e+00 3.352505317331500902e-03
-2.000000000000000000e+00 -3.704984176292004140e-03
1.716382980346679688e+00 -2.099583698511884103e-04
-2.000000000000000000e+00 1.222886375554458477e-04
-2.000000000000000000e+00 4.016658143991792655e-03
-2.000000000000000000e+00 -5.033535649027363543e-04
-1.777897834777832031e+00 -3.715509118962685708e-03
-2.000000000000000000e+00 -3.148204644771281438e-04
-2.000000000000000000e+00 -3.264420977351262070e-03
-1.972490191459655762e+00 4.332407807864594590e-04
-2.000000000000000000e+00 4.369813684823363985e-03
-2.000000000000000000e+00 -5.567510844265398384e-04
-2.000000000000000000e+00 -2.243747620570356750e-03
-2.000000000000000000e+00 -4.999926762102506993e-03
-2.000000000000000000e+00 1.401089290485792865e-04
-2.000000000000000000e+00 -4.731113921228188683e-03
-2.000000000000000000e+00 4.357391239376091387e-03
-2.000000000000000000e+00 2.126921201153122304e-03
-1.415630698204040527e+00 3.485169895370514477e-03
-2.000000000000000000e+00 -3.929069868640613743e-03
-2.000000000000000000e+00 -3.373521227430781658e-03
-2.000000000000000000e+00 2.193658608927990736e-03
-2.000000000000000000e+00 -8.525259950814779650e-04
-2.000000000000000000e+00 2.821893049347297747e-04
-2.000000000000000000e+00 7.555232909167508906e-04
-2.000000000000000000e+00 1.273707918703566137e-03
1.254395961761474609e+00 1.469801501799350082e-04
-2.000000000000000000e+00 -4.296597790809800546e-04
-2.000000000000000000e+00 -3.197436410184949489e-03
-2.000000000000000000e+00 -3.422687113567492861e-04
-2.000000000000000000e+00 1.046053661038759235e-03
-2.000000000000000000e+00 2.080041581267546603e-03
-2.000000000000000000e+00 -9.435409085364913559e-04
-1.999995708465576172e+00 -2.227199921775081630e-03
-2.000000000000000000e+00 -3.480403934928064623e-03
-2.000000000000000000e+00 1.233077699291866558e-03
-2.000000000000000000e+00 -3.793927149970527206e-03
-2.000000000000000000e+00 1.183154899467455876e-03
-2.000000000000000000e+00 1.305142331332539117e-03
-2.000000000000000000e+00 -4.997126416113014009e-03
-2.000000000000000000e+00 4.833859042224952947e-03
-2.000000000000000000e+00 -2.112896939826289667e-03
-2.000000000000000000e+00 4.670184507811412679e-03
-2.000000000000000000e+00 -3.928963811823770261e-03
-1.999999523162841797e+00 -1.545937368251966079e-03
-2.000000000000000000e+00 -2.376977487178130038e-03
-2.000000000000000000e+00 4.816628927186442956e-03
-2.000000000000000000e+00 -3.580423723222965135e-03
-2.000000000000000000e+00 -4.018743888712913992e-03
-2.000000000000000000e+00 4.361458083690038755e-03
-2.000000000000000000e+00 -1.289203998005358093e-04
-2.000000000000000000e+00 1.595182200098388056e-03
-2.000000000000000000e+00 4.721426119799437653e-03
-2.000000000000000000e+00 -2.995170042398252134e-03
-2.000000000000000000e+00 -2.363578522573701185e-05
-2.000000000000000000e+00 -4.700966278095301994e-03
-2.000000000000000000e+00 2.090864501994903549e-04
-2.000000000000000000e+00 -1.864049337889506306e-03
-2.000000000000000000e+00 -4.011621422363291847e-03
-2.000000000000000000e+00 -3.164743497358730832e-03
-2.000000000000000000e+00 -4.379108186608303942e-03
-2.000000000000000000e+00 2.788123082914630881e-03
-2.000000000000000000e+00 -8.561515467662818638e-04
-2.000000000000000000e+00 -1.412593253975960236e-03
-2.000000000000000000e+00 -1.106165179876363903e-03
-2.000000000000000000e+00 4.412602905332858004e-03
-2.000000000000000000e+00 -2.369299193549210137e-03
-2.000000000000000000e+00 4.206598927947225765e-03
-2.000000000000000000e+00 -1.537239962803868890e-04
-2.000000000000000000e+00 -2.860308567682687958e-04
-2.000000000000000000e+00 4.569375751250880600e-03
-2.000000000000000000e+00 -4.147293696324739001e-04
-2.000000000000000000e+00 -4.615133046935122885e-03
-2.000000000000000000e+00 1.226723397775731500e-04
-2.000000000000000000e+00 -4.337833533886134227e-03
-1.999997258186340332e+00 -3.869540677315906792e-03
-2.000000000000000000e+00 2.969813407850093075e-03
-2.000000000000000000e+00 4.829151340371953989e-03
-2.000000000000000000e+00 -2.242872291046843665e-03
-2.000000000000000000e+00 1.012206534261208928e-03
-2.000000000000000000e+00 -2.254048514823539084e-03
-2.000000000000000000e+00 -1.613511316516931353e-03
-2.000000000000000000e+00 -2.346523544461999455e-04
-2.000000000000000000e+00 1.097392417159964544e-03
-2.000000000000000000e+00 -1.321449567012249367e-03
