-1.682032346725463867e-01 -2.322742485787416839e-03
-1.682032346725463867e-01 4.889045878721405385e-03
-1.682032346725463867e-01 4.517785378522262869e-03
-1.682032346725463867e-01 -4.766521095022318265e-03
2.000000000000000000e+00 2.670404803004870417e-03
2.000000000000000000e+00 2.641306118682915441e-03
2.000000000000000000e+00 3.626564679032694312e-03
-1.994344353675842285e+00 -2.049812891627688163e-03
1.995753884315490723e+00 1.010870378726127367e-03
2.000000000000000000e+00 -3.191889457565243345e-03
2.000000000000000000e+00 3.346494933149473695e-03
2.000000000000000000e+00 -2.720906957168374440e-04
2.000000000000000000e+00 -1.423076350075794857e-03
-1.999998331069946289e+00 2.838127964775823651e-03
2.000000000000000000e+00 -1.691244099513050745e-03
2.000000000000000000e+00 1.818397826042618230e-03
2.000000000000000000e+00 -4.243788370662509440e-03
2.000000000000000000e+00 2.292071528946107092e-03
2.000000000000000000e+00 -3.190608758420321496e-03
2.000000000000000000e+00 -1.793693650713779151e-03
1.999999761581420898e+00 4.534417076687702851e-03
1.997318387031555176e+00 -3.597972757078453810e-03
-1.613687634468078613e+00 -1.247894106976829131e-03
2.000000000000000000e+00 9.743829704129689309e-04
2.000000000000000000e+00 4.826807779777209616e-03
-2.000000000000000000e+00 2.041084093962636584e-03
2.000000000000000000e+00 2.860682376232505028e-04
2.000000000000000000e+00 3.343664065319776162e-03
2.000000000000000000e+00 -2.157544913295589284e-05
2.000000000000000000e+00 4.051349188182084594e-03
2.000000000000000000e+00 -7.952192626449550508e-04
2.000000000000000000e+00 1.893770912117905859e-03
2.000000000000000000e+00 1.528134105962716469e-03
2.000000000000000000e+00 -1.412436142445244822e-03
2.000000000000000000e+00 -1.844069308683351713e-03
1.999999403953552246e+00 4.634686056343318740e-03
1.999999523162841797e+00 3.142310223772835052e-03
2.000000000000000000e+00 -2.546701070508115144e-03
2.000000000000000000e+00 -2.092967046337827070e-03
2.000000000000000000e+00 -1.391413510761789832e-03
2.000000000000000000e+00 5.090716901280552265e-04
1.995665669441223145e+00 -3.683891324025832109e-03
2.000000000000000000e+00 4.011052026929644472e-03
2.000000000000000000e+00 3.748817417515248711e-03
2.000000000000000000e+00 -9.373347917959965608e-04
-9.720349907875061035e-01 1.716560276662866015e-03
2.000000000000000000e+00 7.013041106202436842e-04
2.000000000000000000e+00 8.928744901794648248e-05
2.000000000000000000e+00 -1.776999455392370541e-03
2.000000000000000000e+00 2.791929081510208591e-03
2.000000000000000000e+00 -3.903135604082820509e-04
2.000000000000000000e+00 -1.247712730855626666e-03
-1.189402580261230469e+00 -3.541119007462612683e-04
2.000000000000000000e+00 3.250951677566040789e-03
2.000000000000000000e+00 3.379232206047613242e-03
2.000000000000000000e+00 -2.139799392286801088e-03
2.000000000000000000e+00 2.256471725687229403e-03
2.000000000000000000e+00 -3.190723414266263130e-03
2.000000000000000000e+00 4.098093358291224515e-03
-2.000000000000000000e+00 1.864403696183454355e-03
2.000000000000000000e+00 2.047524073935832502e-03
-1.990035414695739746e+00 -1.693511192563387086e-03
2.000000000000000000e+00 9.427780814203513826e-04
2.000000000000000000e+00 2.527859647633308449e-03
2.000000000000000000e+00 -4.141721281307429725e-03
2.000000000000000000e+00 1.451117830852135387e-03
1.999999523162841797e+00 9.994627030754333827e-04
1.999999403953552246e+00 -1.565583730700579202e-03
-1.999992728233337402e+00 2.171301638906139413e-03
2.000000000000000000e+00 4.711312888909253115e-03
2.000000000000000000e+00 -1.507354636464262182e-03
2.000000000000000000e+00 -4.990472324734865003e-04
1.999999880790710449e+00 -1.835964449886809922e-03
2.000000000000000000e+00 4.379442997897785121e-03
2.000000000000000000e+00 -6.900874637974421105e-04
2.000000000000000000e+00 1.367258213289697204e-03
-4.916431903839111328e-01 -1.740354447324872836e-04
2.000000000000000000e+00 -4.840083790988053934e-03
2.000000000000000000e+00 -4.812592474060821933e-03
2.000000000000000000e+00 3.406371608344679371e-03
2.000000000000000000e+00 -4.235360121861334037e-03
-1.999956130981445312e+00 1.058049109150179488e-03
2.000000000000000000e+00 1.954977889009915266e-03
2.000000000000000000e+00 -4.461085125634979033e-03
-1.999999046325683594e+00 4.585632117899343142e-03
2.000000000000000000e+00 -3.906807360311902698e-03
1.999999523162841797e+00 -4.429152068140780781e-03
-2.000000000000000000e+00 4.747589287261380457e-03
2.000000000000000000e+00 -4.834582023516235429e-03
-1.999999761581420898e+00 8.574982196807223386e-04
1.999997735023498535e+00 3.053365787981101968e-03
2.000000000000000000e+00 7.806015290858052402e-04
-1.592798948287963867e+00 -1.918623212431275205e-03
2.000000000000000000e+00 1.512331006935094431e-03
2.000000000000000000e+00 -2.624371056282276491e-03
2.000000000000000000e+00 -4.889962981294417553e-03
2.000000000000000000e+00 -2.214626528481179312e-03
2.000000000000000000e+00 2.606742314817185775e-03
-1.999521970748901367e+00 3.843874030684286437e-03
-2.000000000000000000e+00 5.887279069599071768e-04
