1.725697666406631470e-01 5.802729352635729171e-04
1.440394967794418335e-01 1.132797034667243526e-03
1.676846593618392944e-01 -2.309562582212289911e-03
1.249000951647758484e-01 -3.530673220754913279e-03
6.880922317504882812e-01 1.176972716023004864e-03
7.671769857406616211e-01 8.498278089782481531e-04
-2.347613424062728882e-01 -1.847277124586773657e-03
1.539233177900314331e-01 -8.925898718002778578e-04
8.516771197319030762e-01 -1.657644315443264176e-03
5.791494250297546387e-01 -2.593500239435045027e-03
1.585101485252380371e-01 -1.201263036516698676e-03
1.986776143312454224e-01 7.370725736254067975e-04
1.636297255754470825e-01 -6.261626434444136219e-04
2.110492289066314697e-01 1.746437160598611656e-03
3.896678984165191650e-02 2.261939613211900665e-03
5.237982869148254395e-01 4.560060405722584330e-03
2.930002212524414062e-01 7.711730387184000113e-04
9.037402272224426270e-01 4.621441163086065056e-03
1.019477248191833496e+00 2.127459090700643991e-03
1.475365281105041504e+00 -7.540833961354733925e-04
5.878583788871765137e-01 -1.627311769096459471e-04
1.608279705047607422e+00 4.096261533949658272e-03
1.189517259597778320e+00 -1.466911651534403681e-03
1.943527758121490479e-01 4.806803240591717673e-03
4.861745834350585938e-01 -3.851093008453810879e-03
1.475778460502624512e+00 -3.970621905821741966e-03
1.663477532565593719e-02 4.394380233428381473e-03
1.442351222038269043e+00 -1.393692436253184379e-03
3.070917353034019470e-02 2.867735376290438641e-03
2.454982697963714600e-01 -1.492653292479640802e-03
1.484151482582092285e+00 4.322983814087399783e-03
7.167212665081024170e-02 4.661818372021469918e-03
1.285265088081359863e+00 -4.618838282957227204e-03
1.339792907238006592e-01 8.339273525749838975e-04
1.418853044509887695e+00 8.875253865342240187e-04
1.563551545143127441e+00 -4.476321197140344967e-03
6.685459613800048828e-02 4.985524980315808423e-03
4.713892936706542969e-01 9.433951586947496998e-04
5.926944613456726074e-01 -4.517299791008775635e-03
2.476132214069366455e-01 4.117497701194675584e-03
1.605050325393676758e+00 8.007205950142006617e-04
4.722441136837005615e-01 2.992044428793656959e-03
8.404052257537841797e-02 -2.421276419180010565e-03
1.438874959945678711e+00 2.169993651214357014e-03
6.774793863296508789e-01 4.573227283160661606e-03
1.227954506874084473e+00 -8.671671607830225975e-04
1.665624827146530151e-01 -1.187233302290274621e-03
1.322685241699218750e+00 4.648330411430485164e-03
1.502947926521301270e+00 3.714082298974115924e-03
2.255273461341857910e-01 -5.395116161262362986e-04
1.639615371823310852e-02 -3.539573335154672096e-03
1.558133006095886230e+00 -2.391508910697937289e-03
1.453224539756774902e+00 -3.599822583592982884e-03
2.617521882057189941e-01 -2.093333794115504864e-03
-7.517639547586441040e-03 -2.979275674391202149e-03
-3.856337815523147583e-02 4.870694940039930511e-03
1.036391109228134155e-01 -2.361273254543980616e-03
6.394074112176895142e-02 3.323628599771657165e-03
2.105457633733749390e-01 2.618121061830304061e-04
1.570826053619384766e+00 3.041083931528282443e-03
8.502794802188873291e-02 2.729096705775010782e-03
1.365597605705261230e+00 -3.985146848111435422e-04
3.966248929500579834e-01 -2.044505250226821315e-03
1.315214514732360840e+00 5.270388890080300245e-04
1.232435703277587891e+00 8.564511586251870312e-04
2.737532854080200195e-01 2.401391351728811990e-03
-7.993378490209579468e-02 1.470686185565835830e-03
5.891985297203063965e-01 -1.202324818626779920e-03
5.331183671951293945e-01 1.426961167303636251e-03
1.137595176696777344e+00 -4.617386985071918366e-03
7.652142047882080078e-01 3.973216796239699942e-03
1.723992973566055298e-01 -4.225649307665208139e-03
8.800144791603088379e-01 4.626751520675462075e-03
1.158217713236808777e-01 -2.492752378448763635e-03
1.494017839431762695e+00 -3.376064243339585262e-03
1.413377374410629272e-01 -3.654695356795543103e-03
1.468807101249694824e+00 -2.323809816030315400e-03
3.234411403536796570e-02 -2.395153276511734642e-03
3.558496758341789246e-02 -2.113489201675812414e-03
1.538399010896682739e-01 -1.634018542900358452e-03
-5.091726034879684448e-02 -4.337360896056363831e-03
4.075770825147628784e-02 -4.387195451049545787e-03
2.156145637854933739e-03 -4.256117608959650300e-03
3.495052456855773926e-02 4.686727540150256027e-04
1.664719283580780029e-01 -2.624713424553821658e-03
1.885856389999389648e-01 -1.810844316489631633e-03
2.199808657169342041e-01 8.185445796884986344e-04
4.300324618816375732e-01 -1.507865779263580907e-03
-7.503698021173477173e-02 3.416871649908197715e-03
-1.442945748567581177e-01 -3.687608365400606679e-03
5.687727928161621094e-01 1.707415374123654253e-03
8.990963920950889587e-03 -1.210917477012794872e-03
1.229586839675903320e+00 -2.835929067567361916e-03
1.886190176010131836e-01 1.680365721243137767e-03
9.159440994262695312e-01 3.824321881045317749e-03
1.612752303481101990e-02 -8.001126979811793230e-04
-2.341548725962638855e-02 -1.234045479667667151e-03
7.431890368461608887e-01 4.445779283145175238e-03
1.465692639350891113e+00 -1.423591606274348526e-05
3.731367290019989014e-01 -6.080803748648670043e-04
