-1.498186588287353516e-01 -3.329141253505149035e-03
-7.412376999855041504e-02 -4.451540781051778299e-03
-1.543227583169937134e-01 -8.646737846129334826e-04
-1.217486783862113953e-01 -3.690966940081589348e-03
-2.997556924819946289e-01 3.127902348781163785e-04
6.293477118015289307e-02 7.661469454292840070e-05
-1.318607926368713379e-01 -5.009004471136294101e-04
-1.014629453420639038e-01 -2.093441685656226812e-03
1.403975188732147217e-01 2.092958916655134408e-03
3.355256468057632446e-02 -2.212194506588968049e-03
7.297922670841217041e-02 1.980091683216130168e-03
-4.064051210880279541e-01 -4.911775687365268171e-03
8.665521144866943359e-01 2.033648225479608822e-03
-4.109220802783966064e-01 -6.937002224044067425e-04
8.489860296249389648e-01 1.138602868174164347e-03
7.312627881765365601e-02 -1.779701915113228103e-04
8.228573203086853027e-01 -3.091946455197155507e-03
-1.115043684840202332e-01 3.644039513856440864e-03
6.171149611473083496e-01 -5.587785272721627894e-04
-3.664005920290946960e-02 2.548188307869535263e-03
-1.610297858715057373e-01 -3.763265291517024075e-03
1.321411252021789551e+00 2.240268923140132165e-03
4.826996847987174988e-02 1.034360269761256529e-03
9.523110985755920410e-01 -4.796572036642040779e-03
-1.658539324998855591e-01 1.321279363609205969e-03
8.837881088256835938e-01 -3.606783856111245388e-03
4.455399215221405029e-01 3.911552505939531153e-03
2.773845195770263672e-01 -5.007550957619993220e-05
4.738033413887023926e-01 -4.509419523435143941e-03
-1.722431629896163940e-01 5.337209274489610605e-04
1.342452287673950195e+00 3.172995760710368464e-03
-1.077350974082946777e-01 4.589231274014219340e-03
-2.531893849372863770e-01 3.781713607406921550e-03
2.545813918113708496e-01 2.004476167045776344e-03
1.191374301910400391e+00 9.921972020252899441e-04
1.401100158691406250e+00 2.340692694120435728e-03
1.129625082015991211e+00 3.437311220997549439e-03
9.360695481300354004e-01 -2.251048087814330311e-03
3.232065439224243164e-01 -4.110758652997933450e-03
8.840952515602111816e-01 -2.672692519843158487e-03
1.123579025268554688e+00 -3.719975764673759573e-03
-2.991137206554412842e-01 -2.688903737410640662e-03
-1.081598699092864990e-01 1.722900490621736246e-03
-2.789917886257171631e-01 2.978683212941026122e-03
-9.394101053476333618e-02 -1.630683164267883109e-03
-3.145377039909362793e-01 -4.098555572106065900e-03
7.825019359588623047e-01 -1.391688539392850130e-03
1.029176354408264160e+00 4.537665382349237962e-03
-3.572798371315002441e-01 1.401133873866429458e-03
9.857619553804397583e-02 -3.983862864746949735e-03
-2.229039669036865234e-01 4.767770682656191292e-04
1.334865331649780273e+00 -4.574095529012247446e-03
5.321971178054809570e-01 -3.248121991346704027e-03
-1.161672100424766541e-01 -1.104537475283406001e-03
3.183247148990631104e-02 2.993451742485108390e-03
-1.327435299754142761e-02 2.055768992625918445e-03
-2.057090997695922852e-01 1.658781601149604719e-03
-3.013918399810791016e-01 2.006983123319051529e-04
1.092913508415222168e+00 1.347809700626193506e-03
7.039443254470825195e-01 -3.569000448477155710e-03
7.650557160377502441e-01 1.728750490028767815e-03
1.705556213855743408e-01 -4.927006055925818931e-03
6.991419196128845215e-01 6.495539767512707729e-04
-2.126333415508270264e-01 -9.968618561633293962e-04
7.400193214416503906e-01 1.014978632539267206e-03
3.701285123825073242e-01 -3.763939380113450264e-03
4.146088659763336182e-02 2.519294669736244809e-03
-2.417449206113815308e-01 -2.374348125429282062e-03
2.421232461929321289e-01 -4.791779510576607386e-03
-1.115504279732704163e-01 -3.782887409223029997e-03
1.016116619110107422e+00 -2.666530872514382214e-03
-2.940388619899749756e-01 4.610941003963422817e-03
-3.705521300435066223e-02 -8.792500456933187436e-04
-3.164026737213134766e-01 -7.241838007269324473e-06
-4.144092202186584473e-01 -1.993769204912100145e-03
1.390126109123229980e+00 -3.620660780443430739e-03
6.931743770837783813e-02 3.622160991071167978e-03
-2.203667908906936646e-02 -2.473297004800300083e-04
-3.153587877750396729e-01 -5.646536622997289784e-04
-1.831740587949752808e-01 -1.548631476477756522e-03
1.257238268852233887e+00 4.969094745355415697e-03
-1.168825775384902954e-01 -1.237035412722380188e-03
6.669773720204830170e-03 4.608016555361663276e-03
-3.238514065742492676e-01 2.552955854190296602e-03
1.428545713424682617e+00 -1.451866014438571006e-03
-2.393323928117752075e-01 3.873878898807082451e-03
1.388458728790283203e+00 -3.753462312680506431e-03
9.983847141265869141e-01 -4.967405741572695002e-03
-2.066385298967361450e-01 -8.039072805383117373e-04
1.281698942184448242e+00 2.541908065174769069e-03
-6.861720234155654907e-02 3.592049020052248860e-03
2.894929647445678711e-01 4.829579381365310502e-03
-1.833178400993347168e-01 1.231839050807379335e-03
1.010894179344177246e+00 2.356436635926876209e-03
1.308977007865905762e+00 -3.865482509749489527e-03
1.439882993698120117e+00 2.548862872217768326e-03
4.554712176322937012e-01 -2.624599513399977074e-05
9.842576980590820312e-01 -4.977068302717720105e-04
-8.433289825916290283e-02 -4.277753384880764870e-03
9.729281663894653320e-01 1.109592302268721728e-04
