-5.055433511734008789e-01 -1.316049655265587575e-03
-4.868175685405731201e-01 1.892968086313333298e-03
-5.583561658859252930e-01 2.045509825397032883e-03
-5.227553844451904297e-01 4.432919506249134202e-03
-1.010981917381286621e+00 -4.138369949585312541e-03
-1.812743023037910461e-02 4.790816702747475488e-03
2.926105856895446777e-01 1.592455175743971024e-04
1.182577967643737793e+00 3.321964610774935135e-03
-1.410634398460388184e+00 -2.997569530308324005e-03
1.386012554168701172e+00 1.201518485255273841e-04
-9.720324873924255371e-01 9.147827772336483698e-04
9.207030534744262695e-01 -1.169410323575039660e-03
-1.323668122291564941e+00 -4.365219915332075803e-03
-8.814631104469299316e-01 -4.174167228678830541e-03
-7.351137995719909668e-01 2.125946986694339166e-04
-8.959637880325317383e-01 2.925646606583482724e-03
-1.436300516128540039e+00 3.908497253706971590e-03
-1.433896660804748535e+00 4.156650402908984403e-03
-8.690363764762878418e-01 3.786340452622994658e-03
3.860462307929992676e-01 -2.347724025155980415e-03
9.967243075370788574e-01 1.697148840498085946e-03
1.390534520149230957e+00 -4.922684671972724947e-03
1.170959830284118652e+00 1.672680224321554561e-03
-1.261862397193908691e+00 2.690268594455677391e-03
-1.052222773432731628e-02 1.944580373298782083e-03
-1.370307922363281250e+00 3.478404348469556207e-04
1.548179239034652710e-01 2.849631041212400719e-03
3.596396744251251221e-01 4.182323418749148147e-04
-1.269468516111373901e-01 -5.179234988270360954e-04
-8.487762212753295898e-01 1.316404061017500265e-03
